200 9950
172 120
116 57
127 7
157 142
78 48
112 54
190 187
113 102
199 169
200 121
27 17
108 29
187 77
99 34
67 34
170 25
174 70
138 112
92 45
66 42
137 121
171 61
144 32
137 97
194 13
123 9
141 120
192 130
100 86
175 78
21 10
115 75
165 158
106 11
63 18
171 81
111 107
156 34
184 96
174 143
42 32
156 74
141 50
44 28
119 30
131 35
129 46
192 186
50 15
43 1
188 9
84 83
69 27
155 5
196 120
49 13
174 125
189 80
174 74
34 5
64 22
68 25
136 21
165 4
76 2
88 13
160 151
176 130
150 81
184 138
126 120
172 106
119 8
9 6
147 93
27 7
138 79
183 47
38 6
92 77
175 64
185 167
159 99
176 59
135 70
129 51
139 27
121 38
137 19
110 11
99 81
153 19
160 156
97 4
192 25
189 91
125 109
147 66
182 95
93 8
194 52
116 70
167 92
158 14
177 124
126 101
124 107
87 75
191 20
57 51
78 22
128 72
96 90
170 111
100 75
196 187
147 100
109 55
168 86
193 116
43 11
199 86
133 31
189 57
132 82
105 76
88 63
162 136
128 9
142 90
157 155
130 44
148 127
122 25
67 11
148 143
114 33
47 45
161 45
159 1
187 130
162 83
168 65
104 76
167 41
186 148
148 18
88 59
121 1
117 101
138 54
195 111
147 146
44 6
136 26
183 90
190 76
130 3
169 95
40 9
67 28
90 1
25 23
96 26
181 61
143 45
151 89
151 31
53 3
132 4
122 33
197 116
91 23
195 74
73 58
140 10
123 105
185 41
190 124
142 83
165 164
183 6
192 129
139 8
136 107
27 22
107 89
197 122
128 63
175 120
79 21
142 31
125 36
191 139
15 6
136 46
125 9
159 27
200 11
179 57
148 16
28 20
114 55
155 133
183 62
58 36
86 5
117 78
190 60
190 56
168 150
175 70
65 40
120 28
93 20
193 75
148 15
168 11
185 140
193 38
165 50
74 71
128 94
112 106
53 6
193 92
135 93
137 2
104 6
159 43
68 62
90 65
180 13
183 46
114 80
191 77
154 54
162 63
135 65
56 4
148 95
128 110
106 29
46 20
150 36
187 37
142 39
140 119
162 23
108 73
189 17
52 23
166 12
112 103
142 41
167 51
197 38
135 126
106 50
184 131
138 6
103 12
90 44
160 23
147 129
47 11
126 100
182 46
125 17
163 116
85 49
58 10
70 34
157 77
146 107
144 80
116 50
196 150
88 37
138 41
200 92
183 80
167 84
152 33
130 51
119 16
67 12
170 142
17 6
196 111
180 111
111 63
142 133
162 84
143 128
196 133
144 95
184 71
137 46
197 81
93 15
173 169
118 5
130 12
147 20
174 32
138 73
51 39
18 16
184 164
95 70
149 23
145 22
197 55
180 74
177 24
56 40
108 50
89 63
54 51
173 133
72 54
181 167
126 107
136 39
9 4
130 61
192 95
74 47
187 78
180 77
9 2
144 59
140 3
150 98
176 19
158 37
133 131
72 47
139 88
97 14
161 147
76 68
90 23
194 79
168 81
107 76
188 115
183 144
149 83
71 56
189 169
61 19
186 88
143 124
83 66
160 98
186 9
108 58
198 11
115 106
107 38
178 7
191 9
162 62
58 56
145 14
187 167
180 28
151 10
156 75
196 20
172 66
152 134
166 103
179 7
139 89
170 119
17 3
48 47
198 191
195 97
108 4
124 81
138 89
164 26
186 112
89 74
193 47
179 12
81 42
74 26
164 111
102 57
138 48
99 97
120 56
180 25
152 17
154 134
192 188
129 87
190 67
166 91
155 122
60 35
135 16
195 105
80 5
163 101
142 86
197 79
199 95
197 145
32 19
161 25
181 97
45 43
190 108
129 77
151 103
101 31
186 93
112 77
145 15
188 61
87 79
131 123
72 44
28 6
200 47
73 59
168 29
63 1
65 7
191 43
86 74
164 36
100 13
99 87
195 163
150 103
55 28
144 84
183 129
192 171
175 54
100 76
115 1
189 143
83 68
200 186
196 139
172 46
34 11
190 178
49 47
177 70
25 17
175 129
170 132
110 101
77 52
94 72
89 45
150 83
172 153
21 7
182 14
81 70
193 71
166 63
169 129
117 59
57 42
64 56
190 42
76 20
73 54
127 111
157 70
132 30
192 157
124 20
118 102
96 39
22 7
65 62
177 89
191 17
116 77
142 45
188 58
108 30
200 55
85 29
175 143
160 68
76 13
188 167
28 11
130 81
71 48
174 161
102 101
160 53
86 40
194 53
153 146
146 104
195 131
151 149
187 64
159 130
153 144
70 7
140 131
98 42
199 153
80 17
63 6
99 7
177 154
30 15
168 85
153 134
115 7
35 22
74 24
53 52
124 108
196 134
120 23
115 87
183 122
163 120
163 142
144 78
161 134
58 52
116 18
157 148
190 15
167 117
170 50
199 154
176 16
196 92
150 142
115 8
105 86
181 52
73 38
68 42
31 23
175 134
175 29
95 39
96 44
85 52
200 164
52 47
134 56
40 11
141 8
125 15
140 52
128 79
195 56
75 63
139 52
168 97
123 93
116 110
133 80
138 35
121 6
117 54
101 67
71 7
130 101
199 18
180 20
193 148
136 108
188 121
37 36
139 65
196 95
66 57
25 21
198 162
84 23
182 150
191 89
186 25
57 41
144 54
133 28
114 113
196 109
81 43
130 29
59 22
31 10
182 176
98 57
186 84
196 131
158 40
200 191
161 67
168 131
138 46
128 56
47 35
134 129
183 18
185 43
188 14
87 76
123 4
166 158
104 30
41 34
137 28
110 43
183 110
165 66
195 109
114 106
147 2
157 92
164 35
182 154
37 11
193 50
165 95
173 119
122 2
168 147
163 7
178 32
154 35
151 85
191 52
157 111
83 35
176 157
142 91
138 108
184 58
65 14
160 86
126 111
164 162
121 87
183 161
81 45
109 87
97 80
70 56
106 49
35 14
169 101
163 155
193 191
199 132
138 104
81 34
17 14
80 4
157 129
189 152
34 22
192 72
193 149
199 107
181 47
83 65
150 41
136 125
156 49
140 6
147 142
135 43
181 166
66 45
126 13
80 19
92 31
90 66
94 40
199 69
44 26
132 62
87 28
141 24
173 43
189 34
65 24
61 26
94 86
183 155
128 54
120 63
190 126
88 85
186 54
198 79
130 2
78 42
95 35
124 40
154 107
173 145
164 39
115 53
93 82
198 122
188 26
113 95
53 40
130 23
65 13
100 8
135 121
187 164
160 153
26 16
178 40
170 143
86 21
151 94
136 42
128 77
190 54
133 3
193 42
43 24
179 23
167 159
29 14
96 62
157 50
110 80
184 14
177 38
38 26
178 129
195 19
76 47
171 48
128 71
178 15
125 11
172 41
168 108
157 53
57 37
174 57
125 6
113 61
157 75
165 142
188 44
159 13
152 31
142 58
182 165
185 112
53 18
196 67
190 62
132 2
99 36
146 96
105 75
137 117
133 109
166 86
103 30
189 178
161 58
149 52
109 1
155 120
186 170
177 40
166 87
118 73
154 32
175 56
160 143
164 58
170 72
167 122
150 111
177 116
183 19
134 105
194 113
173 40
195 159
125 44
141 13
140 65
140 86
180 53
168 50
72 65
193 151
98 30
196 138
145 20
192 185
151 120
61 29
112 72
108 107
137 109
192 66
163 54
160 154
159 158
67 25
179 101
44 17
103 56
83 22
198 179
169 90
178 87
111 53
159 77
161 149
128 65
152 121
35 7
187 38
196 49
172 126
55 23
95 62
138 67
34 7
128 37
95 43
163 140
166 137
99 84
154 8
182 177
196 102
177 30
112 3
148 74
189 40
200 135
176 20
173 46
187 153
196 178
147 62
200 152
122 85
180 30
134 67
169 144
168 100
131 31
108 41
182 178
138 56
63 4
124 21
82 60
37 8
147 54
96 61
182 69
67 48
199 142
117 31
148 121
130 69
20 16
133 73
35 12
125 100
120 38
139 78
131 117
80 18
123 65
161 90
109 70
80 69
120 89
122 44
109 71
173 1
37 29
90 21
46 24
155 44
116 89
140 70
94 75
38 32
152 58
140 101
170 100
92 37
124 3
190 61
112 39
68 61
182 175
194 72
123 3
118 51
114 91
144 45
199 137
198 131
109 102
183 7
109 67
122 49
184 19
116 67
172 169
178 68
190 55
150 58
155 137
172 20
86 1
198 195
152 51
175 53
165 14
86 17
77 42
152 142
166 97
60 48
174 43
75 70
192 160
82 8
166 165
174 8
97 57
181 57
171 145
187 36
200 147
119 36
191 146
163 91
119 1
136 47
128 125
184 53
67 40
200 162
178 162
146 24
49 39
133 79
159 47
185 120
172 51
176 149
199 32
122 21
60 1
99 5
154 139
177 84
39 22
98 51
171 31
142 30
178 99
199 190
144 115
105 34
52 31
142 14
191 112
168 64
147 50
194 96
147 27
184 17
75 52
102 83
171 150
103 67
163 82
125 43
185 57
119 6
141 88
193 96
84 15
148 60
164 126
132 117
197 117
79 16
165 23
136 19
77 32
136 65
116 106
173 37
66 6
113 60
199 101
144 14
176 153
162 21
32 7
148 44
139 115
127 6
92 49
178 109
198 154
91 69
74 53
200 27
85 43
149 24
197 6
144 7
78 77
166 95
114 30
150 67
16 2
156 11
159 81
196 36
144 105
187 179
174 123
102 99
60 15
84 25
118 34
102 85
191 141
182 65
196 126
144 89
185 13
193 31
137 66
138 55
145 65
193 190
152 55
84 80
168 16
162 11
191 82
197 123
122 75
144 134
174 42
186 128
163 45
200 90
137 136
165 3
194 162
129 20
144 24
18 1
55 52
83 3
87 30
193 21
24 21
150 1
145 16
159 80
165 62
144 119
69 40
154 56
40 14
182 139
179 175
51 9
193 25
75 59
130 95
75 21
153 128
195 144
192 184
96 88
195 164
79 25
188 95
149 121
164 108
199 27
41 2
193 104
110 66
98 2
124 30
70 61
191 34
147 132
68 49
123 83
139 81
181 59
177 176
81 49
196 169
167 21
155 73
197 31
83 44
169 94
78 17
198 81
184 158
78 49
80 37
72 14
172 64
192 80
178 9
104 91
99 85
181 83
52 44
193 48
165 59
128 112
77 60
70 16
146 50
161 79
80 43
95 66
158 116
200 62
182 71
145 83
134 31
103 6
42 16
181 147
128 118
34 3
90 60
134 19
184 182
171 83
49 42
184 167
154 1
131 75
127 106
123 60
129 24
130 96
82 67
195 78
136 90
161 17
187 127
60 16
10 2
199 118
132 39
182 72
105 5
92 47
148 80
169 39
139 32
63 57
147 42
186 132
149 18
149 17
87 48
167 138
194 105
145 62
85 25
92 88
183 60
61 48
143 43
83 18
197 103
124 90
109 58
184 11
51 5
195 3
149 136
165 149
172 59
108 96
105 38
76 37
29 16
38 1
110 22
114 40
126 122
196 91
167 128
131 2
193 62
192 178
169 15
18 15
183 117
151 6
149 59
199 60
88 73
102 76
107 57
164 74
169 159
179 170
57 26
115 50
130 108
138 93
199 80
27 13
31 5
187 150
135 38
64 39
143 12
109 57
150 43
159 133
180 179
153 37
155 82
165 152
156 70
200 110
95 88
195 147
185 70
116 60
99 57
75 31
125 68
199 163
199 76
194 177
187 151
73 43
61 54
129 29
17 10
29 15
140 32
64 52
47 7
171 53
138 70
196 30
167 130
178 116
85 56
155 14
98 80
24 14
104 41
186 37
59 32
99 94
147 81
150 101
141 61
175 101
147 86
77 25
45 36
101 4
188 168
83 31
190 179
139 19
99 56
179 49
177 107
131 68
142 101
128 103
67 54
76 48
171 163
179 10
152 117
107 10
131 81
188 60
177 127
180 51
176 144
94 26
19 18
144 4
105 72
52 19
195 139
166 48
117 93
159 146
171 1
181 118
75 34
59 34
154 19
101 71
197 18
184 86
180 148
185 137
80 71
189 52
127 70
62 40
190 36
75 8
164 133
26 25
70 1
123 7
145 121
128 13
89 57
101 24
83 42
158 115
191 164
99 28
122 111
132 77
189 156
200 97
200 4
116 36
186 143
139 93
68 3
185 49
64 24
136 80
182 86
141 128
130 84
166 32
198 9
66 1
126 88
85 57
77 17
153 45
39 14
123 34
111 23
58 45
119 65
149 115
133 58
165 83
139 112
171 40
179 33
55 2
153 102
78 72
146 17
64 57
190 115
158 141
115 57
82 15
126 63
200 187
126 51
128 64
31 9
145 107
145 78
118 83
129 114
121 8
191 184
137 1
161 119
33 1
85 69
76 29
174 116
60 42
190 166
44 42
200 80
54 24
180 23
183 39
187 23
154 143
175 81
155 32
159 82
183 141
200 72
90 49
143 49
160 140
119 94
150 22
188 80
88 79
19 14
96 74
95 18
117 2
160 26
79 33
73 22
129 126
48 11
123 88
188 155
95 48
60 58
197 73
43 7
67 55
64 26
158 146
197 7
142 76
169 51
189 95
113 28
98 22
186 19
183 29
59 43
137 101
136 43
34 8
58 22
164 9
199 189
90 74
147 75
186 30
190 163
98 11
139 77
199 176
66 24
93 78
189 118
119 25
159 139
52 45
160 127
181 161
78 32
81 12
185 174
166 45
157 14
179 9
164 122
193 68
180 87
190 80
140 68
119 49
82 46
140 39
144 131
31 28
176 136
122 29
50 39
175 116
168 69
93 56
99 44
126 31
23 19
155 104
167 6
185 105
149 29
49 38
153 38
86 73
148 122
83 75
57 50
124 15
53 25
183 88
92 67
123 122
56 43
154 97
162 107
67 37
59 53
103 42
199 192
167 60
137 20
129 38
156 119
172 81
164 131
112 78
180 102
118 9
187 47
108 28
89 36
153 122
173 61
179 99
84 16
96 71
182 113
117 17
45 40
129 21
98 17
197 13
135 4
166 72
125 97
166 40
131 69
148 30
185 48
157 141
29 11
192 170
118 114
106 44
154 37
168 27
149 100
193 137
165 21
89 4
175 99
182 158
146 35
195 121
141 78
163 15
96 53
153 54
136 122
197 78
177 15
151 55
153 145
152 18
134 35
63 42
136 48
191 104
110 84
174 129
161 117
185 141
169 64
25 24
181 110
172 90
140 99
96 65
119 59
194 175
170 147
174 63
105 16
188 81
67 18
152 39
119 3
155 21
120 41
113 75
97 25
107 66
172 102
98 97
147 108
194 137
117 75
196 2
74 14
199 89
182 90
146 80
194 17
157 79
189 138
163 41
117 70
112 100
200 139
127 27
122 4
154 96
155 150
76 19
102 92
185 107
13 3
149 104
179 6
112 42
164 55
64 12
73 10
36 17
136 92
113 88
69 20
117 82
106 16
93 1
103 10
92 20
187 157
109 8
192 137
190 87
84 58
144 111
166 114
46 34
155 114
195 27
103 80
166 90
135 33
155 66
134 112
90 82
119 5
199 53
45 20
132 88
75 61
200 168
143 131
107 84
173 130
83 67
197 5
194 55
98 48
59 20
179 135
80 10
131 96
66 48
199 43
148 94
196 184
143 52
64 15
36 6
121 59
38 36
102 47
187 53
112 26
54 8
153 93
103 93
187 33
122 68
54 34
134 20
190 146
92 27
167 18
75 69
196 154
194 189
115 100
190 93
182 106
109 12
96 72
129 14
160 133
92 43
162 103
159 124
32 20
114 75
192 121
170 66
59 4
124 52
27 15
186 72
163 59
165 24
200 54
180 59
16 1
118 85
7 2
188 40
114 99
171 109
64 29
166 5
154 23
200 22
117 35
57 55
98 20
158 98
200 84
125 94
171 137
98 63
182 172
172 105
167 123
178 176
137 133
123 46
175 18
136 120
80 47
170 10
191 98
137 134
70 46
31 4
189 82
108 95
58 42
190 150
197 150
181 145
172 171
39 19
186 92
197 192
117 95
82 54
78 6
135 77
186 133
163 144
119 101
187 159
106 78
140 133
80 54
195 115
172 112
139 113
119 95
166 64
102 6
191 83
160 55
135 32
185 76
157 20
173 121
196 119
169 41
195 160
182 152
137 83
87 52
96 84
181 71
132 102
144 87
109 108
126 94
75 17
180 62
28 10
166 143
175 114
190 43
123 119
145 134
181 171
196 22
143 133
154 140
64 21
156 132
146 63
137 81
123 107
16 7
103 61
103 96
171 123
184 29
192 148
54 25
167 104
164 75
156 12
100 85
27 18
176 107
189 10
91 19
85 13
100 71
128 15
119 66
188 177
177 151
188 85
78 15
113 13
199 15
25 4
176 21
126 93
167 134
195 45
55 3
93 17
192 33
131 80
190 135
180 159
190 169
158 75
131 128
180 89
114 8
136 6
171 115
84 6
160 44
185 4
120 43
128 92
182 131
144 40
160 88
121 30
95 24
182 181
41 26
103 41
187 62
137 110
169 119
160 93
156 27
62 14
118 84
172 47
148 46
107 83
200 83
157 56
99 64
184 156
165 161
97 46
200 74
71 36
90 11
108 82
199 122
113 81
103 58
147 98
101 8
195 180
157 128
88 20
137 11
131 94
105 48
176 97
183 149
63 25
197 190
125 78
181 128
194 88
192 106
93 44
97 33
78 20
157 109
145 135
118 67
92 7
149 137
107 69
198 186
29 8
188 143
62 43
198 156
171 111
90 39
180 130
71 16
38 24
117 46
127 112
143 109
142 34
52 13
195 140
142 62
195 84
47 43
178 12
193 139
101 6
22 17
144 103
145 103
135 117
195 191
135 34
119 106
185 5
181 174
40 16
45 14
181 106
138 31
195 1
110 89
136 74
111 20
134 123
13 7
142 97
155 39
195 165
177 5
146 23
124 115
169 140
151 9
98 53
142 75
102 2
147 121
69 62
138 21
147 141
124 72
153 123
51 31
178 104
176 35
115 27
18 17
144 102
142 29
173 45
126 99
159 140
198 192
74 46
168 37
80 16
83 41
163 87
127 47
76 31
25 14
181 13
118 54
167 7
145 80
183 91
166 35
124 17
181 156
76 16
188 69
179 115
102 58
165 99
175 100
179 106
185 142
133 62
180 37
151 65
104 9
176 110
109 3
150 113
169 79
122 31
28 7
158 57
200 48
77 27
143 138
70 28
153 44
187 175
173 135
196 101
79 67
100 29
174 72
119 111
129 85
190 25
148 11
137 72
67 65
151 35
178 84
30 11
161 13
149 39
43 39
121 105
53 43
190 125
119 42
171 71
189 162
168 144
94 67
175 21
179 131
187 4
177 11
158 51
198 20
193 100
173 84
160 144
172 148
30 24
69 2
183 109
109 92
193 169
173 159
175 12
31 24
179 126
183 84
193 85
160 146
196 166
113 107
139 21
140 43
177 152
199 63
125 47
150 13
139 126
95 90
29 20
150 122
146 21
182 88
122 83
196 124
149 108
141 39
137 15
47 42
128 51
128 36
71 32
191 123
89 6
200 122
50 43
115 99
59 31
113 64
64 44
171 60
143 8
57 6
163 117
161 1
182 134
170 65
72 12
73 68
139 110
183 156
138 136
125 13
108 20
150 89
137 70
61 2
196 23
58 30
122 22
82 44
126 24
140 110
166 61
74 39
121 113
135 68
124 111
85 71
157 118
105 12
113 111
74 28
160 46
189 63
72 32
195 57
192 22
28 8
52 11
172 96
75 36
85 12
117 57
105 101
95 73
55 14
180 144
22 20
121 46
68 19
170 103
118 82
146 69
78 34
74 59
180 146
180 52
128 95
160 126
163 4
110 73
194 193
117 29
84 71
151 129
127 28
33 16
177 51
105 21
98 45
139 116
135 50
76 60
103 22
199 71
155 2
71 1
119 48
176 145
98 82
196 142
167 55
60 31
150 30
194 188
197 47
66 17
193 132
40 4
185 86
158 74
46 10
104 35
175 3
29 21
105 32
135 71
158 54
152 107
164 121
193 150
119 18
176 12
160 150
91 25
194 89
183 21
159 107
163 148
180 54
82 22
162 102
84 28
131 41
121 61
72 66
87 83
18 2
160 31
169 128
79 57
168 12
28 5
162 19
192 162
158 121
76 70
195 146
154 31
181 31
170 78
100 28
192 68
169 167
169 168
168 20
138 40
112 82
176 92
156 61
154 109
87 38
105 26
139 106
161 51
24 5
178 100
185 144
94 70
129 112
132 40
83 12
189 15
130 105
118 14
61 28
118 77
184 133
148 88
197 91
78 3
132 46
123 106
198 176
114 4
177 73
200 58
140 66
96 49
190 92
170 23
164 124
36 13
105 74
125 26
189 175
28 19
166 164
181 4
142 119
121 90
103 11
94 57
109 88
125 30
71 18
69 6
76 30
152 137
161 113
140 90
134 22
41 31
184 67
84 70
153 106
45 29
191 25
147 7
91 90
105 44
162 154
191 7
153 13
129 6
82 56
81 40
148 33
121 16
167 78
139 103
73 35
114 112
144 57
163 63
50 49
121 78
117 52
70 12
186 13
193 146
62 41
131 85
195 26
130 46
81 23
125 102
140 54
90 73
192 2
147 106
171 35
174 59
26 5
193 88
144 142
146 99
170 22
176 8
164 145
162 70
153 96
141 2
159 36
128 59
192 51
166 28
173 41
200 9
189 39
118 92
173 63
189 56
155 60
184 31
133 96
182 127
178 77
157 137
140 46
149 99
87 78
100 46
102 21
122 108
101 75
177 112
145 50
124 44
57 36
63 54
109 63
134 26
105 55
170 167
199 197
199 25
157 69
121 32
65 16
173 91
179 144
70 58
132 125
44 22
191 93
95 83
137 40
28 9
180 64
173 151
197 97
101 52
118 13
149 132
139 18
111 14
56 10
155 110
114 85
191 176
181 33
185 122
127 55
151 132
174 156
53 17
199 173
180 14
120 2
167 47
55 37
155 47
148 97
159 114
198 118
109 64
148 49
101 83
165 96
194 15
96 36
170 141
68 37
141 5
143 99
193 102
196 103
178 55
113 85
163 139
183 15
118 86
16 11
147 40
188 27
145 112
182 133
69 24
113 2
136 94
154 113
111 60
165 81
101 61
198 85
91 8
57 8
50 44
196 72
116 53
163 147
159 51
168 137
196 179
122 103
70 50
139 82
182 45
132 34
128 24
190 35
194 59
195 156
120 90
194 6
74 22
139 54
73 48
98 90
183 59
198 17
43 14
155 55
151 79
199 51
146 7
118 72
149 26
30 19
145 19
147 109
161 19
180 7
135 132
169 114
176 105
134 18
110 3
97 84
179 69
184 93
185 88
159 49
151 109
167 37
100 32
160 22
131 101
97 95
128 87
32 21
45 2
166 1
158 89
92 5
137 77
118 12
112 70
134 40
139 86
164 152
150 29
78 9
116 37
129 120
144 125
188 17
61 58
92 25
99 13
49 9
144 94
135 98
97 7
131 77
32 24
161 132
91 55
184 149
178 22
176 78
129 42
75 57
153 82
131 29
199 138
136 84
158 22
138 11
185 111
133 65
196 125
164 53
122 32
24 7
109 26
158 70
155 75
41 27
187 34
200 36
79 20
101 64
177 83
36 10
72 15
168 43
167 75
133 34
194 187
138 133
104 7
66 8
162 161
195 101
179 13
109 60
161 129
175 169
72 57
125 77
50 9
146 135
186 152
173 79
170 53
166 19
101 32
69 57
21 11
129 90
199 28
165 114
75 71
168 82
158 80
87 68
65 29
43 41
175 38
123 71
183 146
93 52
175 137
94 91
120 5
182 115
65 23
76 58
189 131
138 22
195 116
163 104
103 14
104 98
176 91
66 56
172 143
194 156
82 79
120 117
187 182
172 67
150 140
174 132
199 156
156 155
144 81
186 124
160 157
189 182
197 155
126 58
117 41
148 38
172 160
70 17
38 20
119 7
106 21
113 112
153 29
46 37
137 93
102 93
195 184
151 101
86 4
63 12
116 11
195 12
42 38
71 25
140 16
179 117
72 5
121 99
119 32
134 8
192 120
197 39
42 36
100 68
152 73
193 105
123 48
172 146
143 19
28 22
116 68
164 101
98 38
135 73
72 18
140 134
185 74
195 40
163 129
143 96
185 161
169 127
159 136
194 42
195 112
169 105
111 102
192 94
156 4
179 119
9 8
67 63
157 44
195 69
155 20
61 10
108 75
70 15
181 178
65 35
169 54
175 106
132 128
178 21
102 31
114 5
119 116
189 35
155 124
180 15
161 122
103 55
158 128
92 23
128 60
174 167
146 22
186 109
162 18
56 32
126 90
124 61
152 50
69 17
179 38
179 168
134 54
147 85
191 30
187 125
118 3
115 34
194 186
182 126
192 166
156 28
181 82
113 63
142 124
142 28
98 8
82 69
123 80
187 75
193 84
179 73
151 52
85 27
80 78
75 41
79 22
164 43
66 12
170 145
173 33
44 35
165 58
166 117
108 74
194 76
37 9
182 124
143 74
143 33
120 99
92 41
177 2
155 83
79 47
74 1
151 136
72 61
97 77
149 68
124 31
76 44
85 83
118 100
173 2
73 8
72 49
182 58
174 124
146 30
171 158
106 22
157 40
94 35
193 61
95 79
70 10
111 101
101 2
105 77
175 72
153 147
108 63
140 128
120 27
122 17
187 15
145 140
193 188
176 51
49 12
170 92
160 134
152 32
175 122
27 5
200 117
168 129
200 18
191 16
103 43
176 86
130 65
150 116
123 53
185 54
132 84
141 112
198 2
168 114
71 31
113 25
123 10
110 38
110 24
130 15
197 56
92 2
124 39
101 28
77 35
134 133
93 76
87 64
187 176
51 30
177 19
173 17
20 10
137 82
65 36
93 3
137 26
173 142
102 40
167 58
132 106
97 71
125 124
200 170
140 34
177 71
106 70
167 155
127 33
162 138
178 112
144 67
171 10
136 81
70 55
104 48
46 12
71 54
31 3
182 159
184 54
102 8
128 34
169 96
95 23
197 114
168 142
127 4
74 30
98 94
63 16
141 125
96 43
136 127
166 122
94 82
100 45
185 152
193 103
143 47
189 30
62 46
109 40
180 36
144 133
191 97
101 11
107 72
194 130
151 76
199 12
63 19
68 52
168 126
183 99
174 173
59 8
183 177
68 5
118 24
118 95
95 27
177 26
198 116
161 130
171 43
147 45
179 3
192 153
130 97
161 87
130 36
102 94
121 53
102 53
191 70
80 53
194 151
84 39
181 158
166 163
134 57
92 65
100 42
92 1
91 76
186 39
170 148
100 11
162 37
181 5
144 86
112 1
123 35
82 77
112 73
69 38
91 40
177 7
42 37
183 162
167 165
151 126
124 106
136 32
182 109
179 55
191 60
110 93
38 23
192 116
79 58
197 141
143 80
96 48
148 81
167 140
94 31
198 24
180 119
157 126
141 28
138 27
65 2
194 48
107 93
82 41
84 36
183 4
200 86
113 53
180 10
192 41
135 116
159 76
146 117
165 94
151 29
159 127
188 86
140 112
191 140
160 130
142 96
173 15
113 30
130 74
107 65
162 116
68 59
195 88
171 105
84 7
23 6
164 94
82 6
109 95
111 8
161 106
189 76
89 61
159 117
135 30
198 8
184 44
135 19
84 3
141 122
197 43
128 52
93 73
100 10
106 79
174 138
96 30
99 48
39 12
162 139
112 17
179 113
181 149
150 27
166 93
84 78
200 107
105 28
187 9
187 35
119 89
82 62
104 12
198 133
132 91
189 69
97 79
140 5
77 58
189 135
48 27
188 183
158 94
172 32
71 34
173 3
185 45
159 79
20 14
104 84
117 74
178 69
88 64
47 22
120 106
160 123
174 139
173 94
109 32
35 9
198 82
108 106
182 55
185 154
159 138
43 23
168 47
159 152
157 18
126 57
188 93
144 68
63 7
140 58
180 44
120 24
113 45
145 102
132 97
35 32
137 135
62 25
130 77
197 46
26 4
184 177
94 68
133 75
119 109
186 180
141 118
160 131
133 18
163 51
172 83
145 86
157 139
128 122
182 16
173 9
195 24
152 92
140 55
25 10
101 94
170 43
136 118
170 19
170 39
169 37
189 187
186 55
59 46
182 83
193 164
147 107
102 88
139 83
148 14
135 40
151 36
115 84
199 126
84 24
179 110
193 67
98 40
53 27
95 85
158 31
178 24
95 84
109 56
55 1
24 16
120 18
130 103
182 96
155 136
200 140
197 125
114 11
147 36
198 64
92 61
158 118
117 90
66 47
144 30
79 2
144 88
164 97
79 59
71 44
185 143
72 2
178 31
114 102
169 56
69 56
135 99
56 47
149 118
137 88
80 46
88 7
105 85
197 138
163 105
184 48
147 78
145 37
190 148
154 133
141 1
69 26
19 12
199 183
163 118
50 42
25 16
195 37
51 21
102 4
196 19
104 17
65 4
103 2
128 106
187 32
189 7
153 117
94 22
33 23
94 21
111 27
163 62
176 45
195 134
148 90
143 89
144 109
198 151
132 18
150 115
181 45
179 93
85 5
141 26
197 158
151 128
129 119
177 61
194 61
179 81
96 37
48 31
181 17
100 83
194 160
106 65
123 44
168 130
200 45
30 20
109 106
157 147
77 73
162 78
163 126
189 31
176 54
172 75
23 8
191 55
141 106
127 32
141 47
124 42
32 15
147 37
31 11
117 71
184 104
170 69
129 108
198 184
113 58
103 23
32 13
146 111
116 115
91 71
115 3
190 172
185 138
41 3
186 86
158 88
188 139
102 43
150 45
102 75
155 6
151 13
142 111
173 64
90 84
111 51
133 132
164 54
86 72
148 116
176 113
171 5
198 150
70 59
184 180
122 121
110 58
163 159
44 38
189 133
121 112
47 21
146 36
68 51
105 97
148 4
182 122
58 21
194 114
56 31
54 16
199 74
46 11
41 33
166 139
188 130
186 33
194 141
25 5
88 27
133 126
138 50
57 39
147 29
154 16
133 59
178 146
95 52
52 41
98 27
133 13
66 44
180 113
184 6
135 104
178 48
44 12
170 30
120 104
54 38
166 76
104 27
186 177
181 126
193 19
89 59
138 24
144 41
163 56
199 149
167 40
184 50
156 88
142 44
109 81
178 92
190 9
90 17
73 28
72 30
20 17
15 7
93 47
73 24
175 22
156 140
150 10
167 76
72 4
146 120
167 106
172 87
178 124
193 176
152 22
159 141
39 18
160 38
27 24
52 4
142 21
29 3
173 123
187 173
180 174
94 81
195 150
175 5
200 79
28 4
194 135
160 58
61 31
199 22
54 41
125 95
81 60
174 50
160 15
181 14
93 64
20 3
152 105
182 149
163 71
75 22
153 105
77 43
64 17
171 30
130 111
183 179
97 43
189 44
181 114
154 70
75 15
100 1
128 89
137 115
72 38
94 50
46 25
198 169
186 16
184 92
140 8
112 20
171 84
185 130
188 6
163 146
135 82
176 148
164 31
198 14
39 29
182 102
47 17
56 45
168 83
171 3
98 37
165 144
120 51
94 12
176 81
116 105
181 121
146 83
83 57
155 54
29 7
155 127
146 144
144 49
149 93
180 26
34 18
124 24
141 52
127 49
130 106
76 43
147 112
130 122
147 84
126 52
194 91
135 35
172 42
188 64
150 118
27 12
168 39
177 122
186 20
171 85
54 46
87 43
88 62
23 5
151 37
95 58
129 27
145 132
199 59
63 38
180 154
190 44
59 11
152 13
193 170
176 133
139 80
197 160
175 130
147 117
167 108
116 114
171 4
141 76
181 136
71 62
100 53
68 13
121 82
184 139
106 41
179 65
10 9
192 64
185 96
131 107
74 9
185 139
193 57
132 89
116 33
97 68
112 96
149 21
130 68
96 27
182 41
192 127
196 27
178 154
68 14
100 54
109 105
183 11
44 39
121 100
90 61
179 162
116 7
190 176
176 40
195 106
176 83
82 50
44 5
186 11
114 2
145 71
191 74
130 104
157 1
137 39
135 46
113 90
179 169
132 127
144 62
198 181
156 145
145 41
140 41
54 21
170 84
172 37
139 128
44 15
156 46
76 54
168 13
122 24
111 28
159 137
191 6
163 115
152 26
174 5
95 69
152 145
175 131
191 165
153 20
77 15
118 69
171 9
165 82
104 28
188 47
189 50
106 81
109 34
185 79
158 11
127 78
54 47
150 137
177 125
163 20
108 87
165 84
94 47
35 31
98 56
182 33
144 18
163 114
133 98
126 115
200 46
137 13
124 32
120 107
85 53
133 130
135 85
156 102
180 177
138 117
162 31
195 47
123 61
165 104
164 66
115 5
144 23
75 67
72 27
151 143
120 47
88 75
103 25
112 102
154 20
152 150
172 57
40 18
91 34
155 145
112 11
56 44
56 7
79 40
15 5
34 29
170 34
67 47
172 113
113 54
62 26
146 28
117 100
176 108
68 20
96 59
56 33
157 2
164 63
129 101
47 16
79 19
146 123
188 43
48 43
155 34
190 52
165 55
62 28
117 113
192 24
160 141
50 6
86 30
187 69
94 78
155 41
151 24
200 175
194 46
73 1
176 17
136 25
178 114
193 144
34 27
149 139
182 80
197 58
89 34
98 88
186 35
167 19
163 31
70 22
137 53
160 4
96 70
190 152
78 54
76 34
63 29
74 56
93 28
57 46
198 59
115 22
153 9
159 66
129 43
86 62
126 82
52 5
166 138
126 114
69 1
148 131
183 152
148 118
61 43
140 30
177 141
187 92
133 29
171 120
101 5
122 101
104 83
176 14
115 52
147 95
8 3
64 49
70 36
71 27
91 70
185 65
155 65
193 161
86 34
130 90
181 66
93 33
132 53
72 6
155 132
158 60
197 170
157 97
134 46
132 3
144 20
140 31
116 65
149 61
93 75
187 30
199 128
194 26
63 33
192 15
187 129
169 91
166 100
97 36
196 68
183 87
93 87
148 75
170 90
160 120
115 49
77 10
146 134
50 32
101 50
187 143
85 47
175 55
132 58
71 65
136 89
199 185
185 118
147 12
198 13
175 24
151 133
171 91
116 21
37 30
193 59
119 73
36 14
61 38
186 179
137 127
192 167
50 31
156 42
170 127
64 42
120 91
94 64
72 69
195 128
82 31
131 18
115 15
163 6
154 33
40 8
194 120
144 55
192 45
153 79
113 11
47 5
119 28
155 59
164 67
194 77
191 102
148 21
195 63
84 69
14 13
185 30
192 8
151 19
175 15
87 49
44 14
113 7
198 29
116 113
131 14
77 3
162 43
173 111
161 160
100 50
188 104
170 11
88 21
191 49
128 42
178 33
95 74
119 75
88 71
135 12
169 120
178 139
147 145
44 16
112 8
185 20
164 25
158 9
166 88
106 23
107 31
150 84
39 35
159 62
155 17
170 115
98 86
170 9
144 139
153 47
101 88
53 2
180 150
85 50
184 132
131 83
156 45
162 16
15 3
167 158
125 51
99 23
157 105
141 83
175 141
88 76
129 5
200 44
70 57
182 157
38 9
147 128
191 31
176 77
180 158
154 151
71 68
115 13
139 109
58 39
169 75
196 189
162 64
176 47
178 10
121 35
142 64
150 74
77 55
136 16
145 105
178 140
58 46
159 122
95 28
42 34
134 70
104 71
89 44
45 37
90 25
142 78
139 34
137 17
103 54
183 2
108 24
170 96
159 91
123 29
143 11
130 67
192 19
75 38
159 58
146 105
119 93
165 106
83 74
189 145
135 87
94 49
186 125
185 132
191 28
116 58
160 96
107 75
197 131
165 131
83 56
156 35
165 69
30 12
131 24
61 46
58 40
52 15
61 49
145 17
103 48
186 144
141 45
189 93
174 1
130 128
55 51
188 141
163 34
138 132
192 76
194 83
114 73
191 22
163 106
185 32
157 93
76 57
107 29
186 91
162 6
188 25
148 73
114 6
89 66
189 18
148 93
121 79
117 92
151 86
189 51
170 99
168 38
51 15
198 139
196 90
50 37
57 54
96 79
181 75
165 126
78 13
171 57
158 63
198 128
105 69
68 24
106 80
68 6
183 154
78 10
122 97
167 50
192 115
165 27
123 62
55 34
173 171
193 123
31 16
107 73
184 175
182 99
187 63
176 165
121 50
186 161
192 91
99 69
154 36
67 45
42 5
123 90
166 56
131 97
150 23
116 54
127 41
194 142
133 72
64 5
97 3
167 83
177 50
127 42
185 97
169 19
175 33
115 2
157 130
171 112
132 38
181 162
149 63
51 24
74 50
188 153
152 72
52 51
92 26
190 136
55 9
55 27
181 69
30 3
173 42
156 94
177 53
116 107
170 32
87 45
159 15
180 47
77 51
200 148
169 12
104 26
39 32
63 45
155 134
139 74
75 7
156 115
89 21
130 10
152 106
179 136
173 69
52 9
188 152
159 12
79 14
141 6
111 85
92 75
87 82
191 47
194 179
107 42
101 1
71 57
100 6
194 190
197 61
31 26
53 46
184 51
118 23
185 87
51 41
182 129
181 164
144 26
153 81
132 49
131 115
199 165
156 41
197 113
140 127
167 161
96 60
193 23
64 13
83 49
152 136
200 183
99 18
185 35
131 121
68 27
78 51
156 149
158 109
61 17
180 50
152 11
184 7
114 78
177 3
135 67
141 27
169 161
156 6
69 23
197 118
95 21
173 122
198 47
33 32
180 83
138 82
105 10
170 101
146 2
181 19
191 155
59 13
186 119
132 68
164 107
166 115
149 8
115 29
106 75
119 50
185 98
191 178
173 165
199 93
53 37
172 155
168 166
159 10
156 71
183 65
124 60
189 161
157 52
51 44
93 63
131 53
185 47
114 49
95 60
184 170
174 97
177 14
135 61
148 32
121 11
136 11
112 74
131 71
63 56
174 99
129 89
63 22
189 164
113 70
137 94
200 179
50 27
173 20
182 97
85 6
194 1
183 123
104 89
130 18
135 90
191 144
91 64
72 41
172 24
183 126
101 9
188 111
186 31
63 15
24 19
161 150
189 81
180 75
74 48
157 99
85 68
159 3
120 6
86 15
178 39
151 22
134 126
146 131
73 11
150 78
60 4
197 105
144 124
97 72
133 82
195 85
184 143
175 52
199 7
192 58
150 95
131 48
146 46
33 7
46 44
174 21
81 22
99 40
154 121
165 9
131 21
189 174
129 80
11 6
152 103
143 32
197 156
200 14
127 124
180 98
128 126
55 35
194 64
138 91
149 87
70 54
153 15
118 6
154 126
63 13
109 85
173 163
171 164
128 123
151 84
182 125
109 46
110 13
118 106
167 110
40 6
108 86
93 77
142 25
81 67
31 30
104 46
76 36
94 61
99 49
154 122
156 38
76 53
142 57
171 140
116 31
86 77
136 114
69 14
200 176
117 88
188 24
156 9
77 7
46 7
170 150
197 181
101 87
143 18
184 109
125 7
161 148
89 56
136 37
198 123
106 104
111 47
99 12
78 21
172 97
175 167
131 5
112 51
123 66
112 27
99 91
145 74
173 106
23 2
134 9
124 112
84 75
177 148
177 64
199 79
139 11
138 42
44 23
191 109
117 9
59 51
163 36
179 164
122 73
120 3
181 55
110 70
69 59
162 142
48 40
101 84
173 103
167 125
179 154
165 65
169 57
163 21
170 80
191 10
188 154
121 34
68 7
136 96
128 1
58 27
81 25
162 39
141 123
187 139
126 119
123 101
149 144
168 30
64 27
149 78
123 42
166 42
128 82
173 168
56 23
167 145
125 99
75 49
150 70
171 47
140 28
100 99
18 9
120 79
136 103
144 11
113 83
113 96
142 49
176 57
174 64
139 95
39 6
158 135
126 5
120 48
63 43
182 103
171 157
34 23
144 36
177 114
135 56
198 187
173 170
182 54
160 152
141 10
200 67
196 177
145 67
178 25
189 73
165 116
172 38
137 124
165 112
138 101
105 63
133 44
196 4
111 58
139 129
12 2
72 56
98 6
70 30
199 40
50 46
78 35
89 3
188 182
86 32
59 10
114 41
135 76
190 66
198 124
165 54
193 22
132 87
33 28
25 1
187 100
92 32
141 104
143 125
173 57
80 57
167 113
138 9
121 5
153 135
173 78
107 7
195 53
196 59
117 91
105 70
75 74
103 21
162 24
113 108
194 19
124 86
66 62
77 14
66 60
133 12
88 23
174 16
86 35
183 139
171 69
136 119
158 62
59 35
131 25
174 127
178 19
156 84
57 35
180 162
37 34
90 33
95 2
85 46
136 68
59 7
140 124
189 116
131 120
53 50
54 32
131 125
84 56
130 1
63 61
191 106
153 108
77 22
153 73
63 32
175 41
168 8
140 57
187 128
140 81
87 34
192 150
81 24
144 65
188 174
140 64
138 33
103 20
90 47
178 46
178 171
152 151
151 95
74 17
180 38
114 110
34 19
141 72
99 32
141 22
113 34
186 89
175 80
160 1
102 79
162 133
199 180
141 55
53 4
166 44
7 3
141 130
62 50
140 72
58 2
68 48
147 122
7 6
146 37
126 71
117 76
88 48
154 74
109 30
176 132
126 7
160 83
162 160
192 142
102 86
167 151
154 13
149 72
199 110
143 51
193 11
89 19
174 73
144 138
105 18
98 31
144 31
103 78
197 85
128 61
175 1
179 153
117 11
129 83
180 66
195 61
195 104
145 90
179 62
153 98
33 18
197 44
164 137
167 23
91 72
184 88
130 8
192 92
147 97
9 7
93 83
146 112
129 66
137 18
44 37
185 27
195 130
163 16
45 41
167 36
160 95
63 62
157 125
195 194
42 15
154 145
91 75
136 66
169 18
144 2
164 95
149 5
148 82
101 45
150 97
99 30
123 49
181 43
184 128
140 129
103 47
134 29
188 46
195 154
187 160
189 99
140 59
40 36
70 62
186 15
93 51
139 33
124 19
165 93
114 57
111 15
179 56
188 148
158 28
56 2
117 22
76 8
55 25
126 11
185 85
200 151
176 171
130 82
160 122
177 97
104 69
74 60
154 46
117 66
143 35
174 10
158 133
183 172
145 104
79 6
109 47
163 135
194 74
122 82
126 68
49 25
105 7
169 17
182 156
125 41
70 53
14 7
40 22
184 148
55 47
119 102
176 22
119 76
166 83
153 136
113 14
90 12
198 4
139 75
157 29
187 80
164 149
133 61
147 102
123 43
168 115
191 166
186 18
77 63
197 168
155 107
71 47
191 175
101 82
105 37
196 174
11 4
191 39
168 93
170 27
149 77
171 52
104 97
164 99
50 10
80 1
130 24
74 31
100 22
88 31
174 149
155 147
81 36
188 109
153 40
170 63
183 57
143 78
106 31
193 113
126 66
64 19
141 56
197 169
179 21
179 71
176 154
157 89
89 25
184 23
143 54
183 33
143 20
187 3
178 137
96 89
147 24
114 42
142 33
128 86
199 129
122 96
87 25
179 45
190 40
131 72
162 40
158 156
81 10
117 67
200 146
117 26
194 180
153 33
113 100
163 92
167 2
120 19
184 15
87 7
155 142
115 12
84 52
122 64
154 99
91 87
196 37
192 57
145 13
178 74
120 75
107 6
127 35
187 119
100 82
157 151
195 41
123 89
79 17
124 100
131 93
117 47
150 148
74 40
186 126
198 10
91 83
64 16
124 83
155 13
127 125
164 157
194 143
75 46
166 79
174 136
99 31
40 17
162 134
193 27
36 15
127 113
98 50
143 42
153 30
46 16
193 82
126 109
166 53
105 80
178 133
147 137
179 138
156 44
126 104
53 29
185 16
186 73
195 177
158 126
123 70
167 48
124 78
59 6
182 151
126 87
137 52
195 162
54 4
39 2
162 77
127 116
198 160
42 21
158 73
135 21
156 147
181 84
116 108
186 185
137 86
129 61
136 86
170 21
191 65
118 4
189 3
120 17
163 160
62 7
68 34
199 155
67 23
183 127
178 151
192 84
179 157
135 58
65 37
108 61
129 91
79 36
197 33
195 155
61 50
128 83
109 101
187 54
156 137
160 61
175 103
170 161
89 79
194 54
176 1
177 144
133 103
98 41
65 17
141 124
165 90
99 55
131 108
11 8
58 38
173 108
182 74
154 79
197 104
130 118
88 50
112 65
187 156
149 114
168 136
89 31
58 9
132 33
83 82
148 31
153 25
50 35
172 164
34 9
40 38
120 49
128 41
197 49
178 155
100 74
108 46
77 66
77 28
169 11
168 90
99 8
173 24
134 87
123 22
130 91
80 52
169 141
185 69
197 152
147 21
169 58
184 169
194 78
11 9
184 89
183 94
114 1
110 91
172 103
146 103
81 44
43 19
194 106
165 111
36 32
179 137
116 100
177 118
73 63
115 98
178 76
193 1
172 86
137 55
182 143
101 77
110 62
171 152
102 48
46 27
176 58
79 30
26 7
198 16
164 32
161 158
182 30
126 76
113 69
149 86
110 21
65 15
81 57
158 44
143 107
178 44
178 119
181 155
177 72
130 92
151 139
95 7
189 151
38 10
136 77
39 5
159 20
168 88
171 129
85 51
41 15
163 39
113 24
196 191
10 5
55 49
75 43
50 45
177 168
163 14
144 140
30 7
132 96
128 102
154 110
162 96
164 88
111 55
78 38
103 91
125 63
167 148
180 67
114 52
141 54
160 129
35 3
167 102
142 93
154 123
71 67
162 85
123 117
41 28
106 73
125 120
78 33
112 55
159 84
103 24
60 21
133 110
165 148
183 9
189 123
152 20
162 66
117 60
30 16
35 34
188 51
189 142
142 100
174 96
99 75
89 85
200 192
123 94
189 173
196 40
69 42
54 42
176 106
146 67
165 141
53 10
88 69
105 73
94 30
134 79
197 142
171 116
119 56
119 114
200 73
122 47
158 48
190 153
90 31
133 122
125 79
164 2
139 117
173 155
191 36
165 80
149 98
180 132
130 39
185 11
73 47
182 34
94 4
159 11
78 2
140 26
133 85
141 92
64 30
151 12
176 32
79 62
52 50
39 15
35 33
174 144
172 115
136 93
191 75
200 35
61 23
188 23
143 63
169 70
179 121
126 35
49 29
87 39
88 77
163 149
18 14
113 26
189 88
198 121
111 33
152 49
98 35
141 79
79 46
191 156
38 14
65 60
93 49
145 6
99 46
49 14
163 37
194 12
188 2
110 107
59 14
187 181
183 135
161 49
90 36
191 149
188 126
145 98
154 28
82 7
116 28
148 92
54 18
165 91
43 34
194 98
187 88
127 75
121 40
166 16
190 38
47 26
74 21
142 20
188 90
168 91
181 153
93 2
193 127
173 118
178 172
186 61
118 116
90 55
115 24
152 147
123 5
168 42
83 10
130 34
198 62
126 28
177 76
178 13
199 94
123 58
198 183
190 47
189 45
175 165
34 14
154 103
104 92
196 56
109 66
143 117
187 28
62 48
158 127
126 98
110 7
37 19
61 4
86 53
173 128
145 48
107 74
81 65
49 4
52 24
129 1
127 89
149 143
47 41
168 45
149 60
195 103
92 12
54 30
145 72
120 46
124 51
78 57
119 112
138 57
181 25
136 117
158 21
77 65
81 7
195 23
177 158
100 14
118 29
120 4
147 82
149 91
154 135
76 18
162 140
134 117
156 18
193 163
197 111
175 98
147 126
61 1
199 55
178 17
126 103
128 81
98 75
69 15
133 66
137 9
188 42
196 167
48 23
181 144
199 77
161 115
90 88
56 14
192 155
159 19
99 65
168 31
95 61
145 60
35 4
178 5
161 146
131 104
183 42
195 39
145 64
158 117
140 123
81 3
196 144
158 123
169 8
67 5
137 102
43 20
107 85
175 44
24 22
147 135
101 81
194 10
118 113
133 101
70 45
182 91
159 45
200 128
26 24
125 70
172 18
116 48
156 39
21 1
155 49
177 123
197 127
154 89
118 59
52 7
91 3
67 49
78 11
84 48
183 138
110 44
179 16
163 161
52 21
104 77
152 140
183 167
186 167
19 6
169 43
134 52
181 63
88 16
172 159
65 20
108 11
79 61
197 82
197 157
95 56
106 61
179 77
62 58
114 14
100 26
82 64
198 177
145 2
95 55
83 77
199 150
131 28
125 98
184 120
162 94
81 13
152 64
151 60
39 9
197 164
156 141
148 126
163 18
86 70
39 11
75 48
92 60
182 37
193 158
195 65
157 78
168 102
38 8
158 20
167 53
199 70
83 25
165 132
178 27
192 53
100 87
92 74
146 10
151 43
147 114
180 73
44 43
194 184
179 145
92 64
171 113
170 86
65 34
177 119
174 3
138 97
191 35
182 132
126 2
181 116
173 147
157 63
61 36
200 194
121 9
174 111
200 126
89 68
147 34
188 157
73 15
125 90
153 94
97 21
145 93
184 179
180 161
127 10
194 128
196 25
147 28
83 81
182 138
176 79
147 76
196 17
159 9
166 145
87 86
190 28
88 30
86 83
91 37
71 29
137 122
120 34
143 38
115 14
200 103
166 13
166 92
180 160
188 169
35 1
92 13
130 94
199 135
187 109
39 25
57 19
162 14
176 31
179 54
168 34
92 63
98 24
141 131
70 43
64 32
5 3
152 71
72 52
162 129
115 21
145 85
113 29
47 30
192 110
110 9
184 56
155 98
89 24
104 18
67 19
104 44
148 8
142 13
99 70
111 42
174 114
91 59
43 31
59 52
19 4
112 68
64 53
135 60
155 4
175 73
48 21
158 103
160 158
167 96
58 26
185 178
200 25
120 68
187 26
82 42
45 5
43 25
140 71
166 147
156 152
37 32
83 26
108 99
108 79
41 9
141 101
160 11
83 76
117 48
164 155
67 41
142 51
163 97
132 119
137 103
142 107
172 132
188 82
119 105
89 75
176 3
170 58
80 51
91 17
194 132
170 51
105 23
160 21
70 47
107 16
176 67
191 15
196 11
112 22
144 58
174 23
44 36
123 64
73 66
81 16
174 119
145 100
45 9
138 99
171 117
196 163
190 18
9 1
182 171
195 167
161 55
197 154
104 74
68 32
161 152
71 70
162 34
192 151
111 105
154 104
173 107
166 96
186 140
70 42
200 10
60 2
164 47
184 181
116 102
200 93
162 130
97 10
146 40
111 98
193 18
182 17
65 25
101 72
65 6
93 71
161 50
122 61
81 20
168 135
33 5
200 33
182 153
143 135
157 35
138 102
129 95
68 50
194 31
45 11
136 52
157 15
49 28
78 8
142 24
168 77
191 128
186 56
138 109
23 9
115 16
159 61
128 85
154 152
136 78
177 155
150 104
176 50
82 45
130 127
199 119
115 68
174 14
162 128
118 49
164 138
185 166
143 90
62 18
169 32
129 109
112 46
144 10
128 23
143 83
194 161
126 41
121 74
177 8
183 53
3 2
170 97
150 76
152 6
171 100
195 66
138 84
166 140
94 45
182 2
161 121
151 34
139 20
148 99
146 72
142 18
99 17
168 68
146 56
74 5
88 54
167 105
82 4
79 37
135 31
152 84
169 93
95 26
98 69
175 104
151 49
78 45
73 36
198 172
62 39
104 57
70 31
113 51
187 163
141 93
125 122
55 44
74 12
162 71
162 113
175 7
160 79
173 82
180 88
91 33
185 66
180 32
118 7
51 48
136 135
122 13
103 60
43 26
178 64
139 31
176 60
63 59
143 55
46 36
112 79
162 69
135 96
192 79
178 38
166 98
183 115
198 50
104 79
130 76
177 99
133 23
179 148
148 104
147 44
64 36
21 5
152 138
193 28
176 68
79 8
196 74
133 113
158 97
94 60
92 36
107 81
157 120
42 7
180 97
124 105
62 34
165 163
180 117
132 10
46 5
93 16
80 13
165 135
33 22
191 173
121 95
192 74
36 11
91 27
160 45
156 100
137 63
196 193
12 1
36 25
162 1
68 33
195 149
144 85
99 53
88 72
109 49
171 94
112 91
185 106
192 87
199 13
77 48
145 31
199 97
130 38
166 112
195 72
5 1
89 33
150 133
164 143
189 13
196 42
118 110
142 129
185 108
196 160
84 14
175 94
68 65
100 12
123 69
164 18
182 114
119 44
124 118
118 21
53 47
127 3
172 43
176 49
25 6
186 96
69 52
187 147
173 137
118 66
199 81
13 8
78 73
48 39
134 44
96 18
93 69
183 41
114 74
43 35
183 100
50 28
150 55
110 10
130 102
140 60
108 42
141 66
176 9
189 47
118 71
177 29
142 138
167 54
186 164
200 12
168 63
111 65
194 181
187 90
197 2
131 112
135 127
188 181
186 21
196 96
115 41
114 71
132 17
173 62
192 37
51 22
130 7
182 107
196 1
197 15
172 142
156 126
145 73
101 97
96 21
166 22
155 113
164 132
162 119
136 83
150 40
138 127
120 39
107 36
112 53
149 107
146 87
196 55
99 67
132 5
159 150
120 97
150 88
156 86
109 65
193 120
19 15
77 76
197 188
194 56
200 111
129 60
117 94
199 123
127 44
188 4
108 12
141 103
118 45
52 40
127 62
125 3
175 50
122 52
108 43
55 7
36 8
87 18
148 62
89 87
93 59
77 16
198 38
158 5
181 65
145 137
195 99
95 67
138 115
199 191
166 74
124 74
97 29
48 2
161 32
187 102
153 130
173 160
66 14
184 8
157 65
136 60
90 16
84 44
79 70
139 26
49 27
117 24
185 24
132 29
165 44
116 56
199 35
106 57
179 143
161 36
119 45
183 96
170 33
178 59
118 94
124 13
135 37
162 73
89 1
133 93
110 64
135 113
134 16
157 34
172 80
170 16
121 88
162 28
145 18
84 81
110 82
63 27
165 63
14 9
106 5
5 2
160 124
50 13
167 66
62 55
87 37
117 25
147 136
175 168
156 96
152 82
194 100
140 77
195 93
176 166
122 57
80 33
137 107
172 13
154 111
82 2
50 21
196 87
94 56
134 94
57 14
122 12
198 164
165 109
195 114
130 11
195 183
162 81
61 20
163 12
193 64
137 4
177 1
195 137
181 48
194 119
198 51
154 14
144 135
84 67
53 39
94 28
149 84
158 148
138 77
107 94
145 89
193 114
132 118
199 146
150 79
190 160
79 11
152 124
183 150
183 102
99 96
125 57
45 3
115 110
108 5
159 2
88 84
59 21
173 27
136 64
107 52
38 27
174 86
112 66
178 156
151 138
191 5
156 108
112 60
126 64
183 101
106 36
141 38
83 79
187 56
118 104
164 33
141 17
117 104
158 144
198 34
179 160
60 41
36 16
70 11
53 20
90 13
96 34
42 11
93 6
124 50
52 49
126 79
110 71
61 39
149 67
126 123
152 141
82 40
127 26
154 115
109 61
181 21
155 36
60 36
106 32
60 45
164 7
127 19
83 53
147 111
161 33
177 79
84 63
193 179
84 60
94 89
42 3
106 6
177 31
183 165
183 54
143 134
178 73
74 51
166 2
116 99
124 62
165 33
197 60
100 78
45 12
102 33
90 48
117 105
193 29
196 35
187 86
104 51
185 179
155 92
176 43
191 110
39 1
166 25
61 57
84 1
132 110
86 66
137 35
197 87
149 129
65 1
142 79
146 13
124 37
60 39
114 103
32 12
107 19
121 91
103 81
39 16
10 1
183 103
145 123
167 132
189 188
138 37
21 12
129 16
153 142
166 120
144 53
12 3
169 154
107 18
43 28
128 46
130 120
103 98
140 53
145 40
111 88
189 127
144 56
19 2
45 33
99 3
144 52
98 9
171 107
149 65
198 52
152 19
168 99
152 89
96 68
178 149
160 87
169 104
125 24
75 47
149 35
160 69
188 132
189 19
116 69
83 15
76 49
135 75
61 47
33 4
120 66
33 31
138 119
152 144
98 47
173 32
30 14
102 74
48 7
125 96
118 81
141 71
52 8
93 61
193 66
194 97
193 86
103 18
113 77
177 67
98 84
191 133
132 66
160 36
64 41
147 47
144 48
161 128
63 34
171 32
79 45
139 49
37 25
143 118
133 22
178 167
61 56
58 33
130 79
197 14
194 173
105 79
99 80
158 42
157 24
119 88
111 29
108 92
111 68
124 49
193 189
68 66
180 42
191 51
84 59
151 148
68 2
170 87
153 46
125 37
160 116
163 83
117 43
188 100
187 66
200 157
171 98
142 19
168 26
148 5
147 5
170 126
104 32
131 60
162 42
135 47
110 20
130 25
157 49
106 47
138 94
42 40
200 5
92 6
176 146
138 103
97 66
40 7
133 68
196 180
47 1
136 13
151 117
85 30
150 49
58 23
100 65
64 38
64 35
71 50
138 58
169 73
148 114
141 115
130 66
123 59
61 16
21 3
128 43
136 38
143 103
52 22
193 171
138 44
88 67
90 64
191 42
77 11
82 14
172 62
105 68
161 64
112 13
46 28
194 126
194 122
170 74
134 130
156 99
154 100
127 83
78 25
124 99
162 126
167 13
128 80
150 66
139 125
116 66
141 14
136 116
27 25
102 3
193 80
183 145
29 4
41 10
116 83
173 92
76 24
117 68
147 116
153 138
106 2
160 8
112 47
198 86
98 93
180 108
42 39
163 30
197 159
19 16
200 167
186 101
143 40
118 1
46 29
142 137
132 111
29 9
194 68
108 80
74 33
187 152
151 59
99 4
156 79
173 157
148 124
185 135
64 3
118 22
122 99
124 57
153 8
139 56
131 51
135 8
196 155
108 103
190 94
140 19
187 70
100 92
187 84
100 61
35 26
163 81
154 64
197 19
85 20
148 129
102 18
84 34
115 81
187 39
33 12
149 135
196 116
200 184
100 44
154 39
136 22
187 107
155 9
163 35
184 25
111 77
164 105
188 107
159 71
166 69
154 10
166 30
79 73
114 50
181 58
54 36
146 27
176 15
170 24
194 16
185 160
105 82
95 3
75 35
192 17
131 39
197 147
178 79
67 21
180 60
181 115
198 94
96 57
174 2
35 19
157 134
115 56
163 73
120 35
140 40
122 72
200 26
181 137
170 68
108 32
141 82
134 71
87 61
68 40
177 62
200 115
162 108
80 7
116 49
117 83
124 80
125 73
149 102
200 105
138 68
74 29
100 25
168 71
129 55
190 29
191 148
83 14
101 62
141 85
195 73
139 44
86 82
111 96
59 36
157 80
188 53
150 61
86 3
195 126
175 13
166 132
191 135
123 28
143 115
165 145
123 85
105 88
93 37
34 4
154 30
67 8
146 79
176 89
158 58
53 34
146 62
32 22
175 128
30 18
135 129
144 83
153 150
95 11
118 87
135 128
109 98
159 111
112 34
171 20
191 33
158 95
149 116
156 129
106 3
195 10
127 107
177 80
169 2
166 154
199 52
166 71
160 89
39 33
21 14
164 112
183 104
169 53
178 23
173 65
97 45
80 25
109 78
152 29
192 47
80 76
93 42
115 89
180 78
129 54
164 62
172 91
87 50
157 57
120 20
102 7
185 168
19 11
79 44
101 73
44 24
194 101
197 86
199 152
115 101
127 17
68 31
105 104
152 16
181 15
117 63
55 19
134 69
148 86
152 126
62 27
160 76
144 5
162 5
181 3
105 13
183 108
178 143
147 46
193 97
81 66
63 11
193 36
125 123
121 58
142 17
79 49
168 46
103 29
194 171
41 21
123 76
118 58
96 14
138 106
166 144
164 136
126 59
145 7
182 42
188 74
125 115
89 40
145 113
199 144
167 56
175 105
63 17
68 9
127 109
115 95
85 42
111 30
93 35
175 31
200 23
191 45
175 136
156 133
35 20
144 73
91 52
189 155
174 49
180 61
58 54
154 114
113 110
174 148
65 31
109 17
177 120
119 100
194 87
174 137
187 122
196 181
121 28
142 50
159 143
144 128
42 33
132 113
135 97
121 114
197 151
96 5
108 60
141 105
186 181
33 11
137 33
96 12
141 73
139 92
151 147
161 141
162 47
161 60
159 72
17 15
182 144
28 14
55 10
165 34
151 2
159 125
91 28
71 28
176 99
117 53
193 15
104 50
195 52
102 28
184 178
147 48
94 41
172 145
105 20
87 42
72 26
152 57
189 61
123 39
180 131
65 56
178 96
87 23
28 16
179 118
67 15
179 120
74 15
44 7
114 28
175 113
172 15
195 94
170 164
109 7
140 115
103 9
190 49
160 91
124 93
37 31
82 66
184 12
133 129
169 38
122 46
190 81
122 9
111 91
156 10
168 167
95 15
175 6
148 61
161 27
20 12
121 116
110 42
77 68
112 95
200 43
29 10
99 35
22 1
115 58
100 51
186 141
134 78
154 53
180 69
185 92
150 44
181 177
91 63
198 65
119 13
166 27
171 45
111 59
67 33
131 110
105 54
172 45
99 11
171 6
92 16
181 98
150 57
95 92
48 42
110 76
95 75
120 52
143 7
194 165
91 42
68 46
118 26
62 2
177 42
198 111
49 46
172 123
143 5
183 143
181 20
87 67
189 163
160 109
127 51
177 85
107 64
77 8
110 88
73 37
108 13
43 10
111 72
64 2
133 74
143 30
124 46
175 132
160 125
128 50
184 63
90 76
111 4
138 98
171 118
172 118
196 21
137 85
94 76
171 65
127 11
130 60
129 41
200 99
185 125
155 11
178 51
173 19
67 10
140 1
192 135
102 61
154 88
181 96
159 39
126 39
75 5
191 95
15 14
185 40
148 53
119 64
119 21
194 112
177 59
160 29
168 155
173 124
165 153
190 3
50 23
108 69
162 76
130 54
152 93
195 161
101 19
161 133
132 75
42 35
200 16
152 102
136 101
163 157
157 90
163 69
163 109
197 163
123 108
182 160
173 74
52 37
146 82
52 29
143 70
178 173
191 160
182 52
187 186
113 82
130 19
128 28
109 48
170 122
139 108
146 88
142 121
88 58
131 82
42 12
153 48
108 68
142 139
118 107
169 150
165 8
165 22
36 19
179 88
173 144
200 81
46 38
80 28
66 10
66 61
112 92
166 54
110 60
187 169
141 119
48 34
94 10
182 57
112 38
166 11
184 119
197 66
139 79
174 135
186 70
140 78
157 61
127 122
123 54
196 173
189 125
37 7
197 94
125 85
75 24
137 80
78 75
126 38
174 170
114 64
95 93
159 126
158 46
188 124
148 89
98 96
156 76
115 104
90 81
111 52
120 71
116 79
45 30
196 31
149 3
112 25
161 8
113 109
171 75
150 59
181 86
137 75
101 16
149 95
122 58
154 17
17 1
116 3
189 172
194 84
66 65
186 102
182 116
72 19
164 148
79 76
189 64
37 17
182 100
49 8
191 143
108 1
112 21
176 138
88 3
171 93
191 105
122 118
154 69
127 20
70 69
146 126
121 108
159 25
200 129
73 72
191 187
180 3
121 106
21 15
142 81
122 63
164 139
188 150
111 16
86 63
199 161
141 64
186 32
105 58
142 55
183 24
184 94
33 30
132 44
139 42
152 116
150 139
32 28
61 9
46 15
136 112
11 5
193 187
94 5
106 86
185 42
158 32
126 46
162 79
105 2
155 91
186 57
91 35
164 14
148 96
187 101
122 8
171 67
100 73
111 89
59 26
65 55
117 23
37 13
194 35
90 77
188 45
138 69
200 2
152 81
122 45
182 81
164 38
152 129
112 57
192 27
93 67
57 30
88 6
128 116
189 122
198 155
13 6
178 105
178 86
184 130
169 130
158 7
171 26
152 28
154 137
111 5
103 27
124 41
108 78
146 61
180 121
159 23
156 62
145 42
77 31
54 43
51 50
50 5
36 33
94 19
157 41
130 98
158 149
169 126
58 15
138 96
199 4
125 54
198 7
78 69
176 151
178 1
179 42
159 113
52 27
178 82
147 30
39 23
154 142
118 20
159 56
165 56
146 43
140 4
178 16
184 74
116 39
132 93
164 147
115 48
180 112
162 109
154 92
139 62
137 111
145 101
170 81
59 57
117 42
125 49
188 48
167 31
105 41
103 8
193 175
53 19
160 159
143 85
93 40
31 6
108 83
195 15
187 60
81 39
136 5
162 158
68 43
71 61
129 121
103 51
131 32
100 60
160 66
184 20
92 78
155 42
76 3
172 36
188 59
158 61
187 65
84 30
131 74
6 2
171 62
22 2
133 67
163 79
87 26
58 35
132 95
153 27
153 114
188 133
4 2
135 111
129 69
65 54
120 25
184 152
93 85
172 92
71 35
122 11
196 113
160 71
180 81
142 140
99 27
132 120
180 151
176 147
81 50
115 69
106 72
186 168
197 34
129 128
111 83
138 71
197 128
193 141
67 62
197 48
139 45
194 71
171 124
124 16
186 142
120 7
104 45
184 174
3 1
165 77
87 58
63 50
185 113
140 79
77 36
120 86
106 95
149 105
155 140
84 5
59 27
170 98
173 148
118 68
133 104
148 106
152 45
168 84
114 70
125 82
182 51
46 22
84 22
170 140
186 10
110 109
146 68
133 49
49 19
62 21
50 25
190 106
142 26
181 154
43 37
105 25
76 11
179 91
161 6
118 91
181 139
165 121
178 164
48 30
87 29
105 49
154 101
122 113
85 48
195 148
133 84
52 42
196 123
129 75
79 64
107 34
81 29
132 50
67 30
112 98
176 93
101 3
126 30
76 14
181 180
114 9
186 175
193 91
174 155
70 66
88 17
67 13
112 75
12 10
136 75
175 2
69 54
195 7
111 26
126 56
180 124
119 58
133 106
139 55
92 85
146 65
119 96
142 71
193 110
134 59
169 26
183 82
189 59
174 22
135 112
89 76
84 50
196 38
188 96
118 75
87 14
145 138
196 71
143 110
54 44
183 61
135 94
186 99
127 108
121 4
85 70
146 58
75 53
132 60
77 19
197 59
109 89
106 83
192 30
106 9
175 111
146 60
186 36
56 17
108 54
193 56
190 65
53 32
84 29
126 92
112 4
97 17
107 14
182 76
77 69
178 95
115 28
87 81
148 70
183 67
118 41
113 42
49 30
194 90
190 107
95 77
192 109
92 56
91 46
147 67
199 48
105 94
81 11
189 96
194 49
139 135
149 133
152 42
146 77
188 83
157 153
150 20
122 119
151 56
124 94
139 70
142 115
84 82
124 10
111 66
88 41
54 11
152 46
193 165
63 20
88 35
169 1
132 19
199 103
197 172
140 104
109 50
195 176
24 12
111 7
175 173
47 4
193 6
178 170
69 48
65 42
190 45
78 67
155 149
197 100
130 121
148 120
33 25
166 105
129 67
141 69
65 8
133 33
157 152
162 48
168 107
173 56
74 20
193 119
145 130
128 76
37 26
157 102
132 72
127 101
192 86
197 20
125 112
154 77
58 5
82 61
176 41
56 22
79 42
104 47
87 56
151 90
167 129
75 3
105 100
200 177
151 100
168 66
173 35
68 57
120 10
127 114
161 123
109 42
93 60
153 74
187 133
179 167
146 1
58 49
37 18
142 105
102 52
120 118
173 96
79 75
170 48
162 38
139 41
158 100
175 147
82 25
81 55
172 53
196 65
190 75
190 27
148 119
106 74
103 66
91 88
104 24
129 31
81 8
121 83
171 148
197 102
187 106
180 65
101 90
189 113
175 109
164 90
41 22
180 166
149 36
110 51
56 9
198 99
195 152
133 90
86 48
189 137
83 38
118 27
127 72
48 32
82 19
147 110
97 76
183 72
159 86
141 139
93 74
192 32
195 145
158 138
170 157
116 6
127 80
104 96
100 7
163 17
91 31
132 67
134 102
109 96
187 67
182 155
183 158
148 42
146 125
171 144
155 131
22 5
116 103
158 112
108 65
121 92
159 64
100 96
90 35
198 103
152 101
134 84
139 94
149 127
175 90
176 36
81 37
131 89
127 102
161 156
88 74
177 87
101 41
195 123
124 8
126 83
175 37
194 115
155 154
108 51
125 50
89 5
192 85
190 147
174 134
185 51
112 84
22 11
64 54
155 19
177 92
169 13
156 53
71 22
116 22
48 37
196 146
26 15
146 129
175 8
140 136
179 122
157 115
172 74
150 99
187 111
131 99
161 52
129 100
40 21
175 27
163 13
169 52
168 22
168 119
188 1
114 32
99 14
200 71
138 3
142 85
143 95
92 40
162 50
183 168
131 49
200 142
106 92
28 26
111 61
98 72
196 14
169 80
153 95
149 50
54 26
137 98
175 127
171 106
46 40
57 11
121 45
161 62
190 111
51 12
131 91
198 73
100 52
42 1
200 7
104 70
116 86
138 13
146 127
79 38
198 92
153 52
113 62
144 33
68 30
98 79
125 69
80 56
127 56
106 103
92 10
170 130
151 14
190 5
92 81
161 83
68 23
98 12
124 92
190 11
22 19
152 12
147 124
166 110
163 98
176 29
12 6
129 103
39 10
195 102
148 10
174 52
107 12
158 153
168 4
159 128
77 29
160 19
102 82
194 182
172 1
102 70
139 7
150 52
191 182
168 145
83 34
179 11
146 29
162 127
137 64
164 128
135 64
114 38
196 143
146 138
135 10
115 31
41 1
125 48
177 167
70 8
142 127
120 64
170 131
180 155
191 86
111 76
67 6
124 121
190 96
198 91
161 81
21 2
107 13
48 25
110 67
174 47
136 36
26 17
142 108
80 9
161 3
79 65
106 97
59 55
92 57
193 35
152 87
166 136
129 76
91 47
120 30
48 6
199 113
150 93
128 68
142 126
94 42
73 61
159 26
191 125
130 119
99 1
123 121
125 52
98 44
195 36
159 16
124 85
170 169
177 44
198 72
137 126
174 100
196 190
177 143
45 15
184 41
124 38
148 109
182 141
111 3
191 134
113 97
42 27
168 127
152 36
200 173
173 158
196 12
136 30
61 44
102 56
95 87
152 15
97 87
140 61
188 97
128 115
199 8
117 80
151 93
149 7
143 46
188 67
162 33
186 5
49 24
179 112
155 31
106 10
41 29
156 105
94 11
173 117
175 119
179 90
123 73
196 129
188 113
120 33
138 17
179 44
198 134
38 34
78 1
152 63
188 28
103 31
170 156
190 118
90 43
142 67
145 51
171 88
177 108
190 10
178 18
185 7
155 30
127 14
20 15
63 40
194 37
163 10
157 7
170 7
198 143
127 53
132 14
169 106
117 30
177 121
198 141
159 67
146 66
133 115
135 108
200 6
135 69
185 63
41 25
89 46
32 5
197 1
176 129
141 60
136 124
129 58
41 7
115 51
98 66
177 54
101 36
182 13
166 33
32 25
90 26
147 33
134 103
165 67
116 27
150 80
187 17
182 61
159 147
68 21
185 22
151 111
107 102
58 28
156 33
145 58
72 37
60 18
199 30
66 54
194 144
193 9
194 18
74 23
121 52
149 66
189 32
200 181
194 134
56 21
45 26
170 12
169 29
129 53
87 60
63 23
119 55
130 40
172 116
140 113
124 56
150 6
181 46
165 151
191 131
80 39
196 84
60 38
126 121
170 26
199 130
83 21
153 91
105 78
102 34
161 35
156 67
200 161
199 10
186 67
10 6
190 155
144 38
168 128
107 1
133 83
132 15
132 6
87 63
168 124
170 125
144 3
169 124
102 90
84 27
104 40
175 63
165 13
200 104
26 8
70 63
43 16
123 17
189 117
45 27
148 112
96 3
198 171
132 54
152 70
98 49
119 84
93 50
174 160
198 25
55 11
173 127
162 123
114 60
164 78
168 110
197 71
187 114
136 111
120 12
156 21
197 161
64 60
105 66
57 33
173 66
125 113
88 32
108 102
187 177
97 6
193 33
174 51
169 55
166 26
190 158
193 178
193 52
184 32
132 126
180 135
192 9
103 38
103 88
148 91
58 25
67 43
150 53
189 106
87 1
196 170
49 48
157 113
131 42
169 98
60 24
183 51
112 110
162 156
150 135
146 116
152 56
195 31
180 79
195 138
192 46
164 8
141 63
151 116
196 10
93 72
21 16
105 39
68 10
153 118
115 61
81 35
181 9
187 44
152 40
156 85
46 43
173 136
134 121
157 23
111 17
191 136
122 27
141 97
112 45
150 17
198 37
61 52
97 11
121 37
101 98
95 47
18 13
154 50
196 57
173 113
118 16
132 8
182 29
111 93
155 8
163 26
103 7
109 37
171 38
142 15
68 60
187 112
85 63
107 59
74 61
74 45
181 175
164 163
165 78
165 29
187 121
171 89
167 22
189 102
153 127
123 14
84 18
17 13
64 18
125 84
34 24
177 95
153 59
58 19
126 54
183 13
148 87
135 42
172 141
102 81
84 32
74 8
194 131
99 33
196 168
193 13
151 119
85 39
135 63
190 161
69 45
176 161
90 52
192 174
96 32
111 67
172 168
139 105
151 72
165 143
143 67
114 21
194 39
105 98
180 107
145 52
55 33
192 132
142 77
196 159
92 22
66 7
138 87
156 40
117 112
34 33
172 8
156 117
150 134
42 6
198 54
150 73
191 117
54 52
180 21
153 148
134 115
134 118
104 43
149 4
135 78
136 50
183 114
180 165
93 34
128 78
89 69
184 100
98 3
192 114
147 19
173 76
129 37
189 146
135 74
197 54
126 62
40 35
20 1
129 17
154 61
139 67
90 40
27 9
132 35
139 134
150 54
191 12
105 43
196 66
41 30
125 20
181 67
162 75
23 3
30 28
122 71
159 69
139 100
174 165
180 152
197 133
136 76
161 56
158 99
89 83
172 7
140 121
66 15
200 39
88 10
151 57
81 18
177 94
101 86
126 50
180 8
149 6
125 105
134 38
16 5
130 6
119 34
96 81
75 37
47 12
155 125
161 37
179 105
190 12
47 18
191 19
135 86
125 72
122 48
164 24
64 9
163 58
64 33
94 48
101 55
187 99
176 123
72 7
121 97
132 41
47 28
143 41
181 112
89 14
155 152
103 15
118 55
50 18
130 13
91 24
57 31
106 15
118 28
199 194
192 20
140 95
150 11
191 129
176 10
151 1
132 90
163 50
49 7
134 81
122 87
62 44
113 67
199 186
178 91
161 107
187 142
106 38
36 29
148 64
91 9
180 120
22 14
81 30
177 49
123 25
113 89
92 91
115 102
190 79
165 102
179 86
190 123
171 54
142 63
196 5
153 36
101 42
126 4
104 62
161 97
174 147
164 93
183 180
181 109
128 101
166 51
110 50
133 24
70 65
171 133
191 101
64 10
157 106
95 42
107 92
134 132
193 125
180 126
115 92
136 51
182 128
89 52
97 51
182 147
194 139
126 3
175 85
174 95
97 86
174 79
31 1
64 11
198 98
183 56
167 73
179 29
195 79
191 67
178 157
188 21
143 6
170 116
134 42
194 80
186 176
158 108
148 59
165 107
130 63
126 12
187 172
166 39
162 115
148 56
117 111
161 154
180 71
147 15
175 124
92 21
101 22
127 63
33 21
180 56
129 45
182 82
160 121
194 7
61 40
135 6
83 46
184 24
189 54
175 47
60 51
161 20
108 98
104 1
143 132
63 47
80 40
146 64
41 17
86 43
96 82
196 88
196 47
121 111
176 63
63 49
162 118
149 32
179 61
199 58
122 51
128 3
68 55
84 45
151 97
77 20
122 38
153 39
36 34
127 37
92 89
168 70
57 23
176 168
97 89
146 100
200 165
63 26
180 33
186 145
94 39
184 10
107 27
172 140
168 121
76 33
160 94
170 18
91 22
200 160
184 118
142 118
65 30
73 17
168 80
188 147
60 37
178 177
172 131
109 77
90 37
161 99
152 94
200 78
92 24
62 36
169 107
151 64
101 91
90 50
147 130
184 21
78 50
176 18
149 19
186 98
146 106
143 21
133 108
88 45
109 107
114 77
147 71
155 93
97 16
166 14
97 74
163 102
136 12
119 98
190 109
183 181
62 42
184 4
184 49
178 150
130 114
48 20
190 32
80 65
180 5
41 37
198 93
166 17
164 130
172 144
87 20
130 112
190 175
141 57
194 168
172 134
177 102
137 16
80 29
140 109
128 107
123 16
141 49
42 31
151 33
112 10
145 116
75 10
147 16
196 16
170 1
84 49
64 28
137 31
144 19
15 8
176 87
51 19
192 144
192 165
104 16
164 11
133 124
174 145
94 69
102 19
100 23
141 36
101 79
128 10
89 65
199 198
32 4
149 146
192 159
160 50
187 137
172 39
180 34
99 45
47 20
174 118
53 7
135 48
191 157
134 45
159 33
92 52
119 117
129 123
195 34
122 62
132 7
195 22
124 104
72 51
181 79
170 89
137 119
141 80
111 71
195 181
193 192
106 100
123 52
90 72
111 54
71 53
184 60
89 39
134 111
93 4
151 150
88 43
143 140
62 32
144 34
68 39
192 163
173 44
192 23
110 30
185 104
183 8
145 28
157 87
96 28
83 30
170 57
132 47
197 187
171 80
93 30
169 83
149 138
73 62
86 22
99 19
88 53
195 166
122 116
109 73
117 84
164 153
110 52
199 47
157 48
158 64
175 77
162 112
192 102
188 54
119 40
66 20
184 79
101 47
60 8
115 32
119 35
162 72
162 131
193 108
123 8
105 8
49 45
155 79
197 10
190 34
146 133
159 89
180 49
197 29
149 134
148 35
168 67
66 27
148 7
99 92
148 69
126 19
90 79
150 69
178 168
177 153
58 41
136 29
18 11
7 4
64 59
84 68
114 98
69 60
92 38
193 147
182 47
147 87
197 90
59 42
74 62
141 127
120 16
184 1
131 129
157 122
96 2
194 178
50 22
177 45
91 66
68 1
22 4
193 107
195 75
143 101
115 37
144 112
163 103
71 43
177 75
168 14
85 22
196 115
93 62
119 87
111 31
61 24
65 32
200 30
160 3
53 23
153 55
168 104
149 96
106 89
171 72
114 69
191 127
180 45
181 132
70 64
181 93
78 52
133 26
175 121
169 97
144 118
163 85
188 162
62 20
32 16
106 66
177 21
95 22
173 109
123 19
48 4
170 2
155 102
59 39
67 50
95 36
165 57
95 76
161 5
145 82
99 21
177 134
96 85
199 106
98 77
134 75
68 8
169 62
78 65
131 38
139 22
178 175
103 94
186 116
172 28
133 45
91 85
158 105
124 66
122 89
172 129
85 7
158 67
37 24
24 23
174 142
178 45
153 65
172 110
171 21
35 29
151 146
175 39
197 108
152 74
144 110
152 125
83 40
198 152
198 182
102 73
180 82
186 100
152 128
157 46
182 135
174 48
145 27
111 11
119 92
117 20
31 8
167 57
78 19
151 91
171 7
181 151
140 117
82 34
152 97
104 42
61 30
188 105
122 36
183 23
179 92
121 3
127 94
79 34
95 13
159 38
157 51
191 188
111 64
138 126
127 92
101 18
153 97
82 5
189 136
197 137
180 133
102 41
151 114
113 68
120 74
153 34
170 154
189 77
126 80
98 21
138 81
73 52
191 61
151 121
196 53
161 95
140 73
173 164
138 121
38 19
106 54
169 131
127 118
66 11
101 40
189 114
155 87
178 148
154 40
139 51
193 44
138 118
152 53
94 33
173 112
83 39
148 139
153 22
69 25
136 9
199 66
198 21
104 61
199 14
145 3
187 93
123 50
161 16
97 31
118 98
138 19
32 30
113 41
85 21
148 51
173 87
180 169
172 68
145 38
194 157
81 73
122 41
125 59
92 79
46 35
159 21
165 45
129 7
31 19
187 141
62 51
166 125
31 27
190 168
152 48
162 155
147 35
62 6
196 176
164 150
185 75
51 18
80 49
157 104
43 38
64 14
183 133
44 9
144 132
139 5
95 46
13 4
61 25
129 111
54 31
142 110
111 46
140 82
176 121
147 1
190 173
175 164
125 101
131 37
121 23
104 93
111 45
200 198
179 34
115 10
93 79
143 39
120 76
120 96
120 15
172 119
29 17
158 27
137 37
67 38
115 55
194 129
16 14
135 29
109 53
47 38
93 12
151 70
76 17
193 60
190 59
181 124
163 46
39 26
159 157
162 90
102 69
87 62
28 24
96 46
190 119
102 62
104 38
184 87
195 173
133 125
161 34
195 141
132 63
185 1
178 134
92 18
149 27
103 76
60 56
148 58
174 98
154 48
195 136
131 109
76 59
183 14
128 22
140 130
23 20
65 10
71 33
177 74
152 114
134 98
153 6
86 2
190 145
96 83
32 31
142 123
37 5
118 17
123 15
154 2
98 55
92 15
141 87
199 136
91 44
193 134
183 66
20 19
50 29
148 40
171 55
158 2
94 80
61 15
170 55
160 149
51 37
181 91
110 81
104 11
81 75
147 134
160 27
136 73
144 93
143 102
105 57
164 141
148 128
184 33
190 90
188 50
173 48
49 23
86 54
152 104
130 22
192 141
119 4
160 117
144 39
129 52
194 111
25 3
158 17
159 153
150 146
120 116
108 84
92 80
108 23
124 103
66 39
193 98
188 11
160 62
174 28
47 29
116 45
182 118
166 4
94 37
168 74
150 132
62 57
35 25
196 130
186 121
194 27
139 14
165 36
100 77
187 134
44 41
118 61
26 11
17 2
154 60
165 127
135 5
199 26
52 39
69 63
200 88
144 90
156 90
67 58
96 80
160 145
185 15
162 12
148 113
189 48
186 178
102 84
131 34
68 11
136 3
184 106
174 36
183 86
147 83
151 4
174 17
146 143
149 58
121 60
187 31
60 19
196 194
78 47
115 66
169 153
121 41
152 62
186 23
105 59
60 43
111 80
120 94
183 134
167 38
195 30
10 7
158 107
181 72
173 154
69 12
185 52
131 127
167 25
197 70
92 87
23 21
196 46
182 108
171 110
185 177
146 122
181 2
29 13
199 87
182 10
182 21
95 40
146 39
155 72
132 57
121 104
138 116
53 15
56 36
89 82
180 139
130 56
188 161
136 7
129 125
107 101
172 4
171 86
198 175
167 116
172 109
126 60
198 185
184 61
95 86
94 23
188 151
76 4
174 164
72 34
168 161
75 56
124 35
183 153
65 18
110 32
141 4
161 124
184 73
194 63
197 92
191 90
90 89
85 40
129 39
163 108
168 36
197 57
177 132
108 59
65 5
132 36
178 141
195 25
180 100
187 51
136 95
103 4
75 44
145 24
152 47
144 75
86 45
194 170
165 118
117 50
91 60
170 44
117 21
156 121
23 13
101 34
169 158
94 90
120 40
106 105
125 33
124 29
179 171
167 101
152 148
193 70
107 68
175 46
25 7
200 141
151 69
62 22
17 5
105 95
176 71
180 153
185 95
74 32
139 23
151 21
185 28
43 22
189 112
181 120
123 75
153 103
83 27
175 146
174 131
181 108
166 99
176 127
165 150
112 93
164 102
110 40
41 39
114 53
191 96
162 10
147 79
196 33
194 23
56 49
150 48
190 112
140 108
116 51
163 100
181 172
124 68
186 79
151 113
199 33
177 164
116 71
137 24
134 64
144 77
90 69
155 15
187 148
105 33
193 37
148 105
35 23
177 161
184 140
192 99
149 145
160 57
190 33
180 80
158 34
183 20
189 74
193 2
117 16
170 163
123 87
123 84
200 125
138 111
155 18
151 61
137 105
128 8
95 64
53 24
126 26
131 8
67 14
188 92
54 10
128 2
196 7
133 9
51 43
177 109
155 119
193 69
196 32
129 96
185 149
160 49
53 48
174 128
170 15
165 92
191 11
169 48
198 30
163 65
80 8
200 127
95 5
179 127
161 108
170 120
141 138
101 38
53 22
175 19
128 16
45 44
194 140
172 6
117 1
177 159
160 33
39 3
159 24
146 121
95 34
157 150
143 136
154 136
178 130
187 104
89 77
131 87
65 51
155 45
159 42
138 130
66 19
132 52
168 57
192 21
138 38
110 90
199 116
143 84
169 49
74 66
172 44
131 126
134 96
86 47
177 163
134 113
188 84
134 61
111 25
198 105
197 112
154 47
74 72
178 88
142 130
129 3
154 72
130 88
195 193
190 91
91 6
99 10
121 48
197 110
186 103
197 64
116 91
158 55
118 111
125 64
165 123
183 81
86 31
138 76
151 105
83 13
52 30
168 10
198 28
97 83
112 29
57 40
123 109
149 43
32 9
158 30
108 62
64 46
158 124
146 19
148 125
164 140
125 23
179 151
125 119
180 99
148 137
133 77
162 3
199 1
157 117
134 74
108 101
163 78
186 107
143 13
122 100
190 149
163 8
98 4
49 18
186 42
122 95
171 82
102 13
103 32
158 113
129 104
42 26
40 24
192 29
168 24
55 24
166 20
183 116
159 31
183 73
188 12
56 35
193 143
170 168
134 4
107 80
173 54
198 135
167 127
79 7
141 74
152 61
189 28
101 99
88 40
146 51
175 36
90 78
52 18
137 60
121 98
81 28
125 62
199 151
120 113
109 31
65 49
126 69
181 18
109 6
161 118
195 51
162 27
196 39
73 41
165 37
120 8
189 157
173 129
177 149
158 3
44 32
162 152
114 97
145 77
142 116
182 104
65 52
157 36
119 33
198 190
66 36
186 127
102 29
129 13
189 171
189 67
80 32
47 2
178 42
37 12
135 118
52 28
197 99
175 123
196 94
100 67
185 78
91 48
188 19
127 123
112 33
195 59
196 29
109 80
177 157
54 45
106 64
58 31
36 22
130 26
19 8
186 172
189 84
79 12
182 120
160 52
166 101
105 64
164 146
157 156
86 36
95 45
173 100
118 32
149 101
140 125
151 48
162 35
164 72
94 13
200 57
104 68
161 30
145 10
116 20
128 18
183 112
101 76
137 74
188 116
175 96
193 121
138 88
133 32
196 26
86 79
163 131
69 58
14 11
89 15
65 9
194 21
165 72
72 45
112 80
183 83
48 19
54 5
83 72
162 111
72 3
133 64
161 151
133 89
133 4
149 80
131 54
119 29
166 57
77 57
103 62
18 4
145 29
198 97
194 169
197 62
192 187
134 37
90 67
190 77
157 116
118 103
172 130
172 3
188 15
167 52
85 59
163 96
46 9
40 19
62 33
178 58
138 8
199 166
96 91
88 51
139 57
169 123
168 148
157 19
199 20
167 35
163 77
97 93
198 58
91 74
95 72
41 24
107 79
62 35
185 19
99 37
191 24
190 181
96 40
154 93
181 41
187 61
140 29
200 108
198 46
195 95
157 59
125 118
35 13
125 2
57 7
129 32
80 79
148 144
109 94
180 164
50 17
127 30
95 10
150 87
142 84
195 33
119 39
193 135
190 31
150 128
130 41
117 115
158 104
116 112
174 166
168 113
87 54
174 58
126 125
160 6
160 136
180 6
172 76
171 122
138 134
189 141
189 90
148 34
144 47
152 88
178 165
155 56
140 35
186 8
167 74
82 48
184 26
56 13
120 37
188 78
185 21
112 40
161 80
76 32
53 1
151 98
186 136
97 40
160 42
151 11
112 59
186 138
145 97
89 47
87 74
194 85
65 46
41 6
94 7
86 76
21 20
188 176
65 19
61 8
100 15
83 78
89 73
62 54
154 131
142 7
164 82
120 92
182 31
135 124
165 140
141 19
191 114
166 159
199 121
188 20
198 110
170 112
72 33
149 74
178 158
30 5
84 42
139 6
188 37
174 171
149 117
148 41
92 14
93 89
54 14
121 71
72 62
114 45
90 56
113 87
113 86
192 128
123 20
78 40
175 145
134 128
164 65
103 69
187 166
183 111
194 44
153 99
104 101
154 55
45 21
133 46
179 100
30 22
31 17
163 119
93 13
188 62
200 91
170 160
66 37
83 59
182 25
200 61
96 66
71 3
130 9
57 15
165 30
62 23
56 52
196 85
148 27
58 29
123 67
92 76
38 21
188 5
135 123
96 7
194 154
171 168
162 101
194 2
113 74
103 89
185 23
184 52
181 119
188 175
184 37
193 159
77 26
80 12
145 94
69 22
71 19
170 20
80 42
125 114
189 179
104 102
171 154
58 57
175 48
198 49
177 57
125 80
180 4
174 34
191 170
96 16
132 79
48 3
79 39
185 153
48 38
71 40
176 7
115 74
88 57
121 76
187 20
149 22
172 54
177 105
199 109
152 98
195 142
152 5
188 18
142 59
185 9
146 8
193 184
51 13
156 22
194 110
192 123
173 58
86 57
142 40
135 62
89 28
148 25
88 78
120 42
184 105
176 124
32 18
42 4
124 36
142 134
134 63
154 5
162 143
142 6
80 72
140 2
182 48
131 70
79 28
199 45
69 7
75 6
189 109
150 68
78 71
134 2
115 97
114 58
153 112
199 100
180 58
188 39
165 18
190 128
188 165
200 166
148 63
155 28
145 127
166 150
108 40
134 73
193 133
153 140
131 65
163 134
199 164
154 11
77 53
155 33
178 71
165 52
72 59
123 74
95 8
162 145
177 93
154 80
161 44
99 98
59 41
82 16
132 9
120 84
180 137
186 97
126 118
36 9
170 104
146 38
50 34
74 7
177 128
69 10
167 120
119 26
198 142
107 53
147 43
57 17
167 99
150 144
177 66
132 122
154 63
123 56
77 45
177 68
108 38
186 166
96 55
195 107
135 100
179 104
99 62
46 17
157 143
189 75
36 4
193 10
141 89
155 43
48 45
96 67
156 23
98 29
150 124
172 35
179 85
167 141
123 23
72 55
172 167
180 118
74 41
165 75
194 172
175 32
112 28
176 116
193 136
131 111
129 70
164 160
66 22
169 42
152 143
167 131
167 94
157 98
115 63
115 67
52 1
101 59
80 11
93 88
95 82
134 6
88 14
168 152
124 110
91 11
188 91
169 61
119 68
96 93
129 115
60 22
130 83
83 52
69 67
93 10
160 34
187 168
68 41
140 20
110 105
200 85
198 69
118 88
50 48
142 89
198 12
117 4
155 53
139 97
183 34
34 31
