200 5970
84 2
147 84
153 75
75 2
184 124
152 76
54 21
196 177
189 121
148 44
194 8
154 143
169 21
80 52
185 71
40 23
89 26
86 85
162 65
179 148
135 64
135 119
167 138
167 37
159 131
181 176
118 98
103 70
163 106
155 112
114 38
159 124
113 41
128 74
136 62
101 11
158 43
73 70
200 183
184 103
154 25
103 53
178 15
186 56
150 133
200 93
40 5
150 35
57 12
189 17
126 1
164 26
61 4
184 143
177 132
174 95
99 35
185 81
63 3
109 70
194 87
178 170
126 40
194 143
49 36
99 37
44 8
91 61
188 96
171 161
191 25
92 42
108 16
119 77
187 103
153 43
124 49
157 111
87 75
170 163
112 105
199 90
45 42
87 81
166 8
48 21
158 21
84 13
132 131
110 80
168 8
158 99
105 63
190 114
199 174
55 53
104 13
117 81
76 63
182 32
158 113
133 45
189 36
193 111
177 123
174 166
183 3
184 29
162 117
186 182
114 16
154 131
166 63
150 41
162 71
147 94
192 125
99 15
115 22
197 185
194 70
137 95
17 7
147 4
163 130
180 156
112 65
156 47
82 55
101 27
155 60
177 108
191 141
164 160
90 56
166 105
63 60
71 51
130 99
160 31
168 58
193 185
186 170
153 90
180 72
164 71
182 77
95 53
59 3
63 49
56 28
111 75
163 111
88 18
196 80
172 77
117 28
132 94
100 63
192 28
157 66
184 126
146 106
193 58
80 71
193 143
105 29
85 81
159 59
149 71
161 12
167 160
175 50
84 32
143 75
190 80
167 46
196 36
122 45
179 97
174 42
172 11
59 24
193 112
87 38
188 127
198 46
161 51
99 80
75 30
142 114
174 82
99 39
49 8
130 84
174 109
43 26
116 100
148 138
74 43
185 118
66 50
128 73
171 90
100 99
199 153
148 90
70 54
133 69
64 47
181 145
170 169
187 19
198 162
176 168
113 5
187 161
189 35
189 88
190 71
188 158
120 27
174 35
50 38
102 78
125 72
200 99
195 152
92 20
176 130
155 152
173 172
44 26
104 80
130 18
122 95
119 118
147 93
186 81
129 19
142 110
137 113
106 63
86 50
111 31
195 131
93 36
161 151
135 89
136 111
67 36
183 167
97 55
162 32
42 11
195 62
185 1
152 119
132 22
112 75
144 102
182 3
190 92
67 8
25 9
83 58
162 31
190 98
55 9
53 23
129 88
130 98
73 71
51 37
81 48
145 52
116 95
124 76
194 28
109 33
198 143
149 67
134 63
148 52
33 22
84 31
98 18
122 29
56 39
100 68
161 34
129 21
190 3
128 119
99 7
138 39
104 5
66 35
192 79
80 35
109 89
26 22
22 20
150 42
21 9
161 141
86 36
111 46
174 85
88 6
33 9
113 80
128 48
189 33
153 58
193 99
95 66
160 67
72 19
60 6
181 143
102 50
146 2
150 64
153 94
162 69
60 3
102 68
179 168
28 16
77 17
113 50
101 39
184 12
89 74
176 19
197 112
133 3
157 47
196 188
116 52
91 90
186 178
190 72
154 135
143 16
154 122
77 76
71 67
61 10
77 7
195 22
156 44
46 43
199 107
83 79
176 108
46 20
146 133
194 78
193 27
156 43
51 7
199 122
173 103
149 138
100 44
181 123
178 49
56 31
179 134
169 164
140 34
178 113
100 36
161 73
72 41
152 21
156 22
200 110
181 140
192 38
171 155
130 114
184 18
162 119
193 159
81 49
191 189
164 86
197 65
126 88
189 58
163 121
78 14
86 3
124 81
186 128
152 107
104 14
71 44
172 162
128 30
183 160
138 20
185 138
129 76
28 13
199 128
89 38
117 51
177 111
104 58
199 17
187 170
136 120
120 98
133 54
200 181
155 31
188 147
162 67
127 9
116 12
138 36
184 155
163 148
41 39
69 48
185 72
125 73
128 7
157 154
171 82
187 72
184 164
193 134
41 27
183 52
75 33
159 18
156 116
129 22
142 83
183 11
88 27
193 148
157 61
117 91
110 88
184 174
113 90
27 12
82 58
127 92
65 25
51 46
140 45
13 8
158 94
97 23
167 47
179 116
192 188
25 2
79 59
128 116
130 26
114 111
168 106
156 54
106 70
199 96
124 20
164 105
183 149
81 34
170 166
53 51
96 68
164 17
136 59
61 29
150 39
185 76
198 139
179 40
169 66
196 31
118 9
106 102
172 90
189 157
115 29
117 43
184 53
162 76
110 96
161 19
194 140
104 53
37 35
170 2
193 164
131 127
198 98
191 87
200 31
42 39
127 126
141 139
74 23
142 129
143 109
108 35
183 66
100 62
102 57
194 173
78 8
67 18
160 37
41 5
186 162
191 164
144 139
164 142
153 82
101 89
93 16
164 70
197 91
48 29
170 9
137 88
134 51
103 10
176 157
92 39
166 74
176 68
122 102
181 124
15 7
174 97
116 91
194 131
182 150
156 109
187 125
100 72
197 37
161 31
67 30
186 169
175 11
161 44
137 17
144 44
48 3
87 42
189 123
133 99
130 90
124 54
105 53
149 15
134 123
28 9
192 143
138 50
9 7
133 19
87 73
70 51
188 154
146 56
118 20
69 15
114 78
97 54
51 20
97 43
107 28
174 55
67 15
79 23
166 95
118 117
115 62
49 13
199 49
183 44
111 62
158 68
187 150
160 78
176 112
166 100
84 77
99 25
154 101
138 80
161 122
123 90
182 116
107 23
131 13
73 16
168 107
129 3
116 30
172 87
138 5
166 23
147 6
61 50
140 70
147 47
139 92
108 23
166 57
35 27
164 1
137 92
104 42
133 103
199 180
110 18
121 102
166 134
157 109
178 22
89 79
22 4
149 105
109 14
54 30
174 24
164 157
195 39
191 91
173 117
167 102
152 17
162 39
151 8
62 41
173 78
127 32
171 23
77 15
118 53
119 47
142 141
45 26
181 91
196 141
152 52
164 49
93 23
148 124
174 131
112 7
130 124
132 12
172 36
41 28
85 34
58 46
167 1
58 25
84 6
85 63
125 54
115 73
163 48
172 120
130 66
165 29
131 2
78 11
160 64
154 17
183 57
101 6
157 42
191 11
101 60
181 118
167 133
30 28
106 93
116 49
180 104
145 28
117 104
186 78
94 45
147 40
162 38
22 16
173 91
195 170
170 91
132 73
187 93
146 22
189 89
70 39
169 131
81 7
74 22
80 69
138 116
200 4
90 15
118 1
165 3
185 99
150 44
70 49
85 72
70 10
166 133
119 2
152 92
191 34
193 82
149 68
196 82
187 13
191 24
118 67
176 64
121 57
72 9
66 9
125 83
173 118
136 3
67 46
142 116
69 7
115 84
78 71
68 20
123 46
97 84
159 36
171 55
58 54
59 31
154 5
198 27
171 44
90 13
57 32
62 43
138 89
140 106
139 74
186 34
185 80
171 139
86 26
133 74
161 152
96 37
127 44
76 14
61 38
63 13
187 29
137 85
118 44
196 130
117 3
141 112
174 136
62 12
198 8
154 8
155 149
186 89
187 50
191 167
134 118
120 20
144 117
79 8
112 34
122 71
178 152
157 119
177 24
147 2
132 52
151 98
111 91
92 83
137 72
156 51
155 85
156 97
66 31
159 2
197 90
55 14
168 36
141 59
124 15
183 91
105 26
180 148
181 69
65 52
180 114
133 33
137 22
98 82
126 56
193 22
112 3
144 94
163 116
193 141
169 152
100 13
56 45
60 53
185 134
143 32
191 136
198 62
52 10
131 84
129 71
28 6
192 119
159 104
146 114
189 3
140 13
85 27
141 50
159 122
146 124
121 6
166 12
153 121
81 12
129 90
133 7
86 55
114 26
84 65
22 13
127 26
49 16
191 111
122 99
163 68
120 110
71 29
98 16
6 1
150 75
159 1
166 149
136 99
189 8
197 32
68 22
119 11
115 82
112 68
81 46
153 65
186 110
104 61
165 149
187 177
80 28
42 16
159 53
75 38
177 62
153 6
195 23
104 79
183 53
189 38
36 1
108 57
134 29
199 170
194 126
182 117
188 19
81 51
100 52
116 6
160 100
160 75
147 30
163 135
26 24
101 98
161 147
70 9
136 78
34 27
75 60
177 152
162 13
68 49
12 7
187 157
144 134
49 30
103 12
73 6
96 43
164 68
174 27
194 174
158 13
198 30
92 47
173 158
164 146
136 110
134 21
179 123
108 64
95 3
175 38
72 59
186 63
197 180
102 55
181 5
131 47
192 99
177 125
173 25
109 99
200 47
176 132
31 4
174 25
184 68
36 20
100 12
81 15
171 120
125 22
134 10
69 9
200 74
116 89
102 94
98 14
160 45
173 145
69 46
118 49
160 26
94 88
162 49
71 56
154 91
82 29
160 128
198 36
123 113
96 69
97 86
161 85
115 101
85 59
177 83
167 15
178 106
51 35
43 22
116 85
180 22
169 90
20 16
140 42
57 37
181 29
181 14
156 59
66 7
194 45
155 148
33 20
199 149
114 31
115 57
52 37
113 31
39 25
117 25
196 154
46 25
187 167
189 64
172 97
90 48
71 60
158 4
161 121
146 52
142 128
156 99
196 29
111 72
171 39
164 30
198 38
153 57
200 32
199 101
124 6
90 30
169 151
151 54
194 13
108 19
164 3
22 5
136 14
174 89
147 111
120 94
173 109
72 35
117 85
101 21
174 164
183 18
185 182
102 1
178 74
112 73
160 55
188 95
106 99
161 60
100 82
158 45
156 114
196 96
19 17
167 49
160 146
196 30
161 48
32 19
179 120
188 168
199 141
83 22
200 197
66 65
185 159
69 54
83 38
94 26
191 67
37 26
172 59
144 125
182 157
108 31
165 83
196 146
136 31
57 11
160 122
185 152
65 41
143 121
53 8
145 49
188 106
199 116
107 33
133 94
67 66
200 162
185 43
81 69
147 33
75 49
184 46
174 122
192 110
39 11
83 17
168 88
195 116
117 4
107 62
155 34
199 117
150 78
149 51
172 27
153 73
197 172
101 35
72 63
127 79
184 70
103 67
101 78
116 29
90 65
71 23
178 174
187 131
194 123
155 59
183 59
176 67
187 88
136 82
180 62
180 110
171 70
138 64
65 28
178 172
192 189
164 62
113 71
167 132
197 122
77 38
195 139
68 46
136 37
136 112
191 184
194 34
169 30
152 38
101 54
100 46
84 8
147 113
30 27
189 80
158 41
68 8
171 28
198 110
116 96
123 21
143 107
125 48
141 27
154 71
160 138
40 28
182 170
135 3
146 9
188 91
182 112
196 37
132 4
132 77
112 18
155 51
165 90
144 127
188 136
160 149
180 112
162 132
112 41
199 50
44 5
199 155
154 142
45 23
132 64
89 30
116 70
112 88
174 142
95 16
197 70
169 56
45 12
180 7
186 1
171 74
96 89
11 3
83 33
115 24
145 48
199 158
142 40
137 84
28 7
138 85
159 55
80 79
142 85
190 67
200 143
154 60
132 114
151 16
105 75
198 150
121 108
154 89
180 5
172 64
135 65
59 55
120 45
137 68
159 154
103 29
177 112
146 54
86 23
195 11
177 149
154 99
137 100
143 10
159 142
62 36
147 141
199 98
150 116
15 11
43 13
190 51
10 9
169 16
61 8
184 96
67 59
150 100
42 38
146 21
176 50
146 145
97 5
142 43
200 87
112 57
197 73
187 41
177 103
109 2
137 54
184 60
134 55
163 2
160 89
142 121
109 30
79 68
135 33
98 13
194 185
171 115
151 126
192 65
153 136
188 45
53 41
83 13
199 1
156 91
50 23
196 171
133 131
50 37
197 111
135 5
158 105
88 33
98 6
170 109
135 101
38 36
93 39
75 20
199 164
189 51
69 11
100 45
64 35
139 83
124 71
98 83
180 164
179 8
170 83
173 135
179 10
103 56
188 5
174 118
129 34
123 44
89 25
130 77
148 5
150 145
162 145
158 100
118 39
153 8
183 95
200 141
185 97
189 105
150 148
165 55
39 18
119 74
199 87
139 55
199 76
75 53
185 42
161 82
118 38
116 78
158 140
126 90
143 72
168 49
179 57
49 9
46 21
171 9
89 51
176 124
172 84
126 51
182 179
154 48
90 35
32 13
156 25
197 68
80 74
97 85
127 122
69 35
199 79
42 37
184 176
187 92
70 16
143 62
112 61
200 80
25 13
185 119
154 85
196 65
141 89
67 43
169 115
58 42
180 25
167 93
179 34
20 13
185 79
118 107
135 102
27 20
126 106
27 1
182 88
88 72
184 45
79 50
120 8
103 32
13 10
57 7
43 1
73 2
89 72
197 57
188 32
156 9
146 13
188 124
78 76
99 95
140 39
170 19
54 49
70 46
53 9
49 5
90 85
86 58
194 81
139 58
60 21
125 40
39 37
130 117
163 140
102 90
197 165
78 66
83 31
185 128
122 50
82 70
192 11
70 67
192 6
163 154
129 10
188 94
189 154
99 43
73 45
118 56
181 62
64 50
169 122
123 76
142 97
135 88
180 11
79 27
187 65
167 34
18 16
44 42
193 98
86 8
150 59
96 24
188 33
102 73
109 25
126 26
168 156
185 170
92 4
111 19
130 19
160 11
101 81
101 12
37 28
178 133
158 133
144 75
99 65
177 144
65 12
94 21
195 145
110 20
177 79
144 83
191 174
195 63
159 50
142 109
93 57
189 60
170 63
170 31
97 42
148 85
158 63
87 50
188 27
158 35
121 2
101 72
153 124
109 19
24 17
126 75
179 43
119 63
86 53
96 35
152 123
181 80
180 30
191 61
157 137
188 129
155 49
28 11
169 168
147 63
191 79
69 21
188 14
187 70
116 10
27 25
40 14
141 19
94 84
79 46
69 53
83 1
165 28
160 62
198 19
129 66
166 18
200 27
95 83
185 40
28 23
69 57
166 58
130 14
180 143
141 137
85 36
69 14
152 37
126 45
151 87
115 89
130 22
79 11
129 124
175 116
155 83
141 84
108 67
96 76
166 29
30 29
190 122
97 11
78 54
173 35
198 91
195 58
170 149
117 55
126 102
198 85
15 1
95 2
113 101
161 131
192 148
23 18
64 7
50 3
80 29
35 15
165 151
76 25
131 95
160 9
138 11
159 113
19 18
157 148
67 28
165 48
136 130
106 44
147 144
53 35
183 2
164 10
164 46
140 12
188 2
156 90
114 6
111 38
168 97
136 87
117 116
141 67
119 6
78 44
129 121
133 125
167 163
138 3
141 114
118 97
199 48
72 1
191 162
41 14
149 106
78 24
172 117
74 35
178 39
90 11
129 29
142 23
139 106
144 129
186 92
163 97
185 106
79 7
177 167
200 57
144 54
178 92
146 101
80 26
166 141
197 110
161 79
114 52
174 71
130 55
188 183
85 10
122 37
150 74
197 130
106 80
178 71
137 111
173 52
137 33
74 48
192 162
103 7
193 120
127 87
186 147
112 107
159 108
161 125
119 55
196 132
189 126
63 26
88 38
165 108
197 174
165 95
84 47
120 91
190 19
172 30
135 4
156 62
188 174
135 37
140 26
173 64
193 128
66 53
160 125
165 94
80 54
175 97
173 20
139 95
70 22
180 52
46 15
171 163
99 81
119 20
55 13
186 42
109 52
120 88
177 10
167 98
179 139
127 89
134 111
154 67
129 43
146 113
181 160
138 88
49 35
170 107
89 15
194 71
146 137
157 131
69 50
115 69
143 111
145 53
125 37
190 7
143 104
98 35
197 105
199 102
191 59
53 4
71 66
92 40
120 13
93 83
197 161
147 62
159 7
134 129
189 170
181 21
28 8
119 24
167 131
161 32
57 31
143 99
162 131
62 60
195 171
121 119
146 51
108 96
80 30
145 71
171 63
14 8
130 95
192 67
82 67
118 27
77 49
121 101
198 64
173 167
154 78
151 68
147 108
90 32
199 156
200 44
138 135
87 79
155 118
150 96
101 62
79 53
103 63
107 21
88 8
180 99
162 142
105 72
188 99
138 63
100 3
159 12
87 29
196 194
192 9
66 33
134 53
131 7
155 114
194 33
180 63
40 39
190 119
192 131
171 144
123 37
186 45
155 126
190 22
160 124
67 21
165 39
148 31
85 1
133 1
127 113
60 58
169 58
59 49
133 63
150 122
167 71
186 26
126 109
90 61
123 56
159 112
181 153
77 27
159 44
80 16
145 67
32 20
175 89
93 54
70 52
95 10
134 92
119 54
8 6
166 103
193 3
186 2
170 75
190 151
65 48
111 25
85 2
108 41
185 57
164 77
58 16
101 93
139 35
146 117
168 119
111 18
71 68
151 92
197 64
177 73
169 67
199 23
148 92
168 127
98 40
127 27
190 15
145 34
60 24
156 63
129 81
195 175
70 3
142 46
110 85
151 36
111 99
105 85
134 27
198 106
141 129
167 64
105 16
195 40
109 3
164 162
167 24
134 42
159 77
39 6
41 40
191 4
142 5
136 58
161 117
139 120
193 127
197 42
137 7
189 42
199 83
136 79
145 19
168 43
195 188
79 17
180 115
164 19
82 11
174 13
121 17
191 109
124 30
174 115
79 22
66 17
161 62
160 18
145 141
129 63
155 96
152 125
169 57
29 18
128 37
116 111
166 90
177 166
188 47
131 101
168 53
119 13
139 103
151 66
52 46
139 23
192 126
73 35
94 87
64 37
117 20
163 49
28 27
150 55
146 58
189 70
136 71
149 140
164 90
109 21
190 146
97 45
199 73
172 128
150 144
93 51
168 2
154 124
109 35
39 30
115 10
120 12
168 122
185 59
89 49
193 25
134 64
152 127
33 4
120 1
129 17
103 61
112 74
162 130
186 20
80 58
158 44
171 31
170 25
172 55
139 38
73 8
53 14
106 11
164 112
127 21
83 81
180 75
102 64
23 5
147 29
152 102
150 50
125 43
38 13
141 135
174 5
52 14
126 2
150 26
113 74
172 143
168 50
98 32
192 41
147 67
85 3
111 109
199 47
153 81
190 135
121 54
168 142
196 186
127 76
118 72
173 43
107 83
200 91
116 1
91 76
139 138
176 8
71 54
68 29
132 51
146 29
119 59
200 166
125 14
59 5
186 154
36 21
144 43
18 17
68 21
142 69
57 9
109 72
157 97
59 11
81 33
141 65
150 48
170 59
131 67
171 62
39 29
128 47
199 187
196 91
127 84
182 57
183 99
150 95
174 47
44 20
176 61
38 33
196 159
180 27
200 16
107 97
199 196
169 19
25 12
38 28
172 13
190 86
108 83
26 12
147 41
200 65
101 2
160 153
130 91
120 69
151 38
107 53
80 1
146 126
95 27
179 144
189 12
193 121
147 91
48 22
160 53
121 71
142 62
145 110
177 113
71 48
110 29
193 10
120 102
55 16
200 167
165 85
94 4
121 10
192 107
160 77
162 47
99 60
168 22
189 25
190 97
151 134
146 18
131 99
94 80
114 60
147 45
134 117
47 29
169 139
128 84
162 155
171 7
91 67
187 146
184 67
169 132
140 17
41 6
197 45
137 118
188 65
170 160
181 17
179 92
151 137
117 37
157 54
183 74
112 33
122 58
170 116
126 21
82 38
62 20
148 78
120 6
97 67
161 36
107 99
111 23
200 1
194 100
169 28
76 15
80 76
198 6
94 75
106 12
60 13
182 63
79 75
114 67
175 141
187 6
145 139
79 67
84 4
131 79
136 32
164 15
140 90
133 102
71 31
142 90
168 1
195 14
177 126
196 72
199 95
190 74
90 87
188 167
92 49
132 30
196 131
151 142
131 20
174 30
143 48
165 75
163 93
84 42
70 12
139 3
162 105
176 161
109 12
135 131
159 71
196 113
102 16
160 113
135 123
185 142
175 149
30 2
171 121
151 148
124 90
51 9
122 64
182 137
195 97
109 57
193 131
25 1
123 17
23 14
33 14
139 77
83 51
121 66
174 84
99 2
101 87
144 52
188 59
130 120
108 51
105 97
155 99
138 107
130 62
34 9
166 2
54 29
60 16
108 46
31 19
158 40
178 167
109 82
183 35
139 11
134 112
167 31
179 104
135 78
117 30
134 11
139 97
14 13
56 33
49 45
186 70
172 12
64 39
78 1
120 11
95 6
158 79
141 108
131 24
189 137
140 99
73 28
198 87
65 49
123 60
118 80
189 184
159 119
152 66
192 66
123 19
60 36
172 166
165 17
175 170
196 149
85 42
177 135
169 82
109 104
196 166
96 2
126 59
179 51
46 38
144 89
186 176
87 8
81 39
49 38
75 13
183 79
99 38
119 43
3 1
137 30
107 106
143 116
100 21
67 58
51 26
165 21
154 77
170 82
108 85
158 150
61 24
126 22
192 39
194 141
163 127
62 22
167 146
110 99
140 56
93 17
129 105
100 85
133 97
185 184
195 148
37 32
145 132
86 70
16 7
75 47
155 91
194 162
132 28
185 47
161 2
143 38
146 27
126 117
111 20
31 16
75 35
98 67
195 66
179 174
98 19
186 30
122 6
91 84
189 49
191 65
105 71
14 6
139 107
100 37
106 66
123 36
171 71
111 55
41 25
152 117
35 20
171 130
199 20
149 12
163 89
173 148
137 133
125 15
180 89
102 6
97 56
99 26
52 24
24 10
196 78
134 99
158 57
188 132
146 109
110 55
180 55
86 69
175 107
174 7
182 127
176 135
113 106
83 64
168 109
146 82
105 39
104 97
106 25
149 124
81 43
118 82
85 29
129 18
13 12
193 184
174 125
104 86
87 1
112 19
122 31
169 72
192 18
176 96
176 71
71 59
199 129
87 19
87 64
102 59
183 140
118 30
148 30
80 31
70 33
21 10
177 68
98 7
99 78
66 30
176 92
131 49
97 30
62 9
185 95
160 106
179 54
181 41
100 41
198 134
176 72
113 34
154 98
145 55
162 52
174 51
109 27
167 101
124 102
199 14
117 59
144 131
135 77
145 20
194 41
83 21
72 10
112 93
200 107
132 59
52 48
162 110
141 75
96 21
120 48
143 42
162 103
128 68
185 41
118 70
60 56
33 32
159 120
188 121
118 28
135 105
148 11
185 140
173 10
104 49
65 30
100 5
105 100
197 14
161 15
179 161
98 69
132 92
197 154
46 42
183 116
168 117
140 52
186 180
170 7
186 104
139 129
191 68
154 151
165 158
122 40
161 67
133 120
162 53
176 23
178 101
119 9
100 71
82 44
158 145
172 115
86 46
166 48
29 10
171 116
134 81
78 26
119 107
180 96
113 8
171 148
149 3
118 36
89 58
164 152
186 48
189 47
66 19
95 26
193 133
116 102
133 26
179 41
186 146
106 103
121 89
183 129
157 149
144 37
167 123
166 26
68 15
139 80
150 130
149 143
114 33
123 58
180 169
128 54
107 91
129 31
176 69
66 27
161 55
186 41
188 26
189 5
164 163
100 58
163 108
144 24
161 106
164 129
184 180
134 133
153 109
193 13
171 32
19 3
106 4
32 14
62 29
125 119
169 44
161 145
85 83
125 90
46 30
46 12
198 152
80 60
163 120
187 51
174 12
136 77
169 119
123 26
161 50
107 9
108 72
74 10
93 85
88 64
130 116
58 13
157 139
154 136
130 45
165 8
119 7
189 122
76 33
71 35
42 19
130 125
167 88
54 7
103 19
190 29
146 102
171 158
43 35
113 85
127 116
182 144
108 49
105 7
144 96
50 2
128 49
153 30
149 148
164 55
104 60
160 109
132 47
44 12
164 5
120 54
172 80
101 53
164 91
194 188
58 56
144 79
180 98
101 94
103 90
81 53
139 19
167 33
129 11
54 4
120 57
179 17
173 24
169 87
184 59
174 53
151 58
163 12
184 6
200 2
96 80
106 13
146 143
105 65
115 113
182 164
200 55
140 40
130 78
99 29
84 10
197 92
82 14
124 101
198 82
58 39
181 107
120 111
132 128
182 11
143 27
127 85
137 132
198 83
52 16
149 74
158 142
124 120
146 119
142 76
200 100
110 82
60 11
136 65
81 41
198 128
54 16
145 22
143 100
162 36
191 125
82 77
198 107
101 73
200 58
106 79
189 66
162 114
196 92
150 16
50 17
74 27
112 94
50 33
175 13
155 110
19 2
183 92
178 100
145 140
71 10
106 32
144 22
142 33
141 120
100 23
197 129
186 131
136 116
33 24
84 11
76 22
178 95
147 64
183 115
148 115
197 139
63 15
93 29
143 60
91 64
174 46
196 71
148 42
193 59
138 9
83 68
72 17
147 26
111 94
127 14
189 56
92 78
56 5
70 6
145 4
116 46
138 99
194 128
99 31
154 75
81 70
118 85
109 106
32 6
143 41
192 121
182 5
114 9
60 43
163 151
18 10
183 133
177 8
95 64
188 156
56 8
190 94
169 145
180 45
151 84
107 69
88 23
142 108
139 94
29 1
173 134
166 146
167 74
178 7
196 174
181 74
199 10
6 5
40 20
148 14
153 48
184 173
103 47
161 134
156 75
182 31
114 104
128 20
192 17
128 58
144 136
145 142
136 105
141 71
98 42
110 73
192 34
109 1
161 156
144 65
122 88
96 53
171 58
45 29
86 37
176 99
189 74
81 11
114 7
167 148
102 41
56 25
184 163
173 60
87 21
154 21
145 65
149 8
63 59
168 135
186 49
121 63
188 116
139 1
182 154
178 38
169 35
175 123
164 140
56 46
115 52
143 130
130 24
99 72
177 129
145 78
170 101
148 26
186 51
167 90
165 47
178 21
109 29
121 50
161 46
126 74
165 133
156 71
92 15
195 70
87 33
183 163
184 13
191 8
182 8
173 1
184 65
187 120
121 51
72 44
190 162
198 11
69 4
105 37
46 35
123 39
191 178
37 9
54 35
175 124
105 33
152 58
127 105
156 143
175 58
176 53
58 2
143 66
99 36
182 142
86 71
185 67
59 1
118 21
133 84
119 66
49 44
136 42
174 144
157 103
192 83
138 102
150 18
95 67
33 15
175 164
180 29
170 52
162 18
167 162
172 167
197 106
101 24
29 22
197 99
64 32
116 61
140 105
90 80
129 28
98 28
122 26
134 101
117 63
184 102
119 41
135 124
192 12
87 84
92 18
158 70
124 22
69 19
157 17
183 16
155 41
153 37
145 57
178 108
80 22
189 112
199 115
167 23
169 102
154 68
124 97
77 45
170 18
185 100
180 54
116 11
122 108
188 122
142 101
59 12
109 94
147 121
91 31
53 21
144 2
149 29
158 47
123 103
160 65
101 29
104 26
172 95
197 133
109 95
62 17
69 68
197 34
162 43
134 34
142 112
195 36
151 149
113 91
172 156
36 17
187 99
156 127
182 122
128 35
191 12
119 23
146 43
178 34
118 57
132 72
171 112
180 86
53 16
83 7
31 13
129 40
180 42
44 37
98 12
31 3
160 3
81 55
38 27
126 108
135 8
133 117
186 124
199 28
177 56
166 61
104 83
182 18
147 10
176 38
177 17
159 80
103 95
97 59
118 32
112 72
183 142
163 53
200 109
169 80
168 79
122 100
95 85
130 92
156 36
43 42
165 84
169 40
187 102
98 89
145 27
181 75
198 90
72 26
90 33
46 41
190 84
158 73
91 11
153 107
121 98
197 6
149 48
157 145
104 72
55 7
143 91
66 58
196 136
69 27
162 48
146 97
185 136
87 58
65 47
104 98
189 82
107 58
86 17
117 6
178 153
56 48
167 104
86 63
151 3
127 103
121 72
130 115
74 26
74 41
189 6
164 41
163 61
111 47
100 60
56 2
112 10
120 4
113 39
42 29
182 131
163 160
158 123
47 2
169 136
173 30
131 105
193 30
166 17
178 160
106 88
83 57
186 185
75 29
94 41
105 10
124 3
188 145
184 136
24 15
117 84
132 130
181 24
20 12
119 104
146 11
165 93
175 95
160 111
137 2
183 27
42 21
95 81
182 15
101 58
103 86
164 14
181 54
101 40
61 57
166 85
53 40
135 108
18 3
148 101
95 25
80 75
169 33
90 20
119 95
109 13
199 194
142 55
114 96
23 16
25 24
114 92
92 61
189 37
69 16
145 47
41 23
173 80
155 84
192 20
175 63
71 1
184 25
196 32
52 45
185 27
61 2
101 7
184 11
177 107
72 34
106 87
166 136
137 87
62 47
58 53
157 147
171 160
137 71
95 94
96 66
102 86
153 101
142 3
60 8
130 119
120 66
50 24
154 31
152 2
54 15
91 22
32 7
191 108
119 102
173 143
66 63
192 113
157 8
188 153
88 76
92 65
175 69
105 76
55 34
140 129
45 8
144 128
26 6
137 125
190 77
158 10
91 86
114 51
182 172
182 21
198 4
74 68
124 1
56 54
91 56
134 30
118 100
190 50
113 102
194 91
189 94
179 121
191 99
197 196
175 146
16 5
156 134
72 65
170 134
177 57
174 18
134 115
194 58
185 171
138 19
59 42
173 53
193 125
113 103
102 87
171 99
97 70
187 151
114 73
155 45
146 93
129 97
152 99
195 12
123 81
195 136
193 12
127 99
167 108
172 47
131 43
166 96
182 98
63 6
36 11
175 133
173 22
63 11
169 127
181 130
141 54
117 94
159 145
159 79
61 30
110 101
124 12
15 5
177 78
114 84
149 25
139 66
127 90
60 4
154 146
171 65
171 60
104 19
129 86
193 177
200 69
151 26
137 47
182 132
79 71
54 5
118 114
177 140
116 87
122 56
63 5
167 8
122 22
199 119
102 91
162 8
53 28
187 39
177 89
166 77
87 78
194 60
197 28
170 79
192 2
195 186
105 3
144 33
149 100
79 54
160 143
50 42
131 10
118 52
51 10
183 60
159 5
151 31
139 116
194 7
190 112
200 191
141 91
31 28
153 66
55 5
65 31
197 97
182 40
128 63
195 129
145 68
139 26
128 85
176 58
169 104
174 26
181 55
183 50
178 139
166 104
75 7
180 105
134 7
184 37
83 25
85 35
189 14
187 89
93 63
172 16
138 2
184 54
45 38
167 89
96 61
151 41
161 66
119 5
141 101
138 73
94 42
167 6
174 139
192 171
185 169
96 19
186 75
183 64
130 64
103 75
58 9
166 25
175 142
197 178
158 49
187 123
144 111
62 49
175 158
57 56
17 14
192 81
189 103
176 171
146 120
95 14
160 126
177 156
114 24
108 94
39 17
69 10
126 36
85 32
187 85
161 97
176 149
157 110
56 43
156 60
36 29
106 30
144 121
167 149
125 60
74 60
101 56
29 11
134 132
43 15
120 32
72 6
179 52
148 56
169 69
103 83
188 29
157 29
161 7
68 24
163 128
190 173
118 103
114 56
148 71
161 41
185 156
147 23
101 99
63 38
176 102
176 44
56 40
58 52
66 2
69 63
180 124
166 93
147 12
123 4
166 59
125 98
89 53
200 20
177 109
103 92
189 86
114 93
110 100
54 20
195 100
91 28
135 100
187 168
31 9
116 106
195 45
121 19
134 97
163 129
75 19
198 153
130 5
195 20
162 90
120 103
128 52
169 91
191 148
96 20
110 68
92 91
48 36
135 70
79 26
114 49
163 91
193 85
53 38
165 30
188 64
133 105
173 71
149 70
166 81
17 1
171 106
54 6
86 79
183 58
70 14
147 25
84 39
192 45
162 27
130 85
196 50
63 17
174 163
86 31
155 2
93 70
39 7
153 71
50 49
51 6
162 26
158 131
20 11
118 71
187 108
160 144
138 129
200 62
154 73
190 8
66 34
180 26
169 63
177 153
102 48
152 62
190 59
163 77
149 7
179 70
179 86
184 116
167 156
27 19
61 37
193 64
51 38
171 105
145 105
72 24
174 98
161 5
172 144
108 107
177 30
151 57
17 2
54 39
70 29
130 75
127 100
151 64
172 149
163 81
70 37
193 145
61 44
143 119
20 17
166 94
178 2
167 140
63 47
102 35
134 80
136 89
178 59
29 2
194 92
172 88
78 43
68 52
112 60
140 122
158 146
95 75
175 165
122 98
86 52
189 139
192 127
143 96
119 14
193 144
194 3
60 48
156 10
179 152
193 97
168 90
158 88
32 22
98 77
119 50
199 15
108 61
177 122
38 20
89 46
175 98
168 126
49 6
159 129
192 36
151 40
125 50
117 49
115 35
138 131
121 60
197 142
147 22
155 11
88 77
108 93
181 96
162 58
200 98
74 32
191 115
49 33
159 8
151 136
133 62
162 136
26 15
184 62
163 137
99 75
89 17
117 24
108 44
39 2
130 54
195 26
177 137
190 57
71 2
173 114
177 84
131 16
132 126
105 77
170 6
124 59
117 111
43 10
77 43
128 100
126 23
153 40
191 2
163 7
81 19
124 16
175 66
113 108
32 3
170 49
154 53
195 72
57 15
48 27
182 79
190 142
124 108
169 11
198 196
177 136
181 152
139 18
190 12
148 35
164 134
140 62
160 134
165 143
92 56
189 71
131 66
143 5
175 36
180 123
161 109
142 117
142 65
179 169
53 39
100 77
176 43
47 20
180 171
172 41
124 109
16 13
190 153
121 61
95 30
186 165
122 112
75 48
184 133
87 69
176 151
148 114
194 177
147 132
126 19
77 19
65 60
195 80
60 34
172 33
72 5
87 80
87 35
155 8
102 84
177 1
25 4
196 74
128 118
99 21
158 71
144 19
148 133
55 41
199 43
121 92
185 73
182 175
177 121
180 92
97 68
189 125
127 43
19 15
74 73
66 4
134 86
106 36
143 134
193 47
132 110
175 127
68 7
77 64
197 147
152 142
130 68
159 19
156 155
73 65
190 176
120 9
47 27
84 68
170 34
182 53
177 139
125 99
94 52
157 140
37 23
194 52
162 160
25 6
129 52
199 18
123 100
183 14
109 11
106 82
148 73
157 89
167 48
72 23
90 41
122 97
102 32
192 57
178 136
158 136
200 88
141 15
93 21
45 25
37 20
99 97
148 83
198 147
50 5
181 158
183 104
66 64
168 80
145 107
109 97
67 2
177 120
118 13
182 146
172 34
132 70
160 68
173 31
137 34
185 180
158 104
193 49
187 55
140 69
123 16
88 16
192 69
188 48
72 12
176 54
115 100
78 69
75 32
184 131
176 144
186 108
39 38
181 32
42 8
114 108
119 48
133 41
179 89
175 134
108 2
108 55
179 62
128 55
70 11
141 110
57 39
190 96
177 124
116 31
105 98
64 33
100 88
157 7
155 123
39 26
22 1
193 67
196 114
150 131
96 86
190 13
30 15
70 18
179 9
52 51
156 37
199 82
140 103
67 29
171 152
143 92
168 32
183 17
200 50
91 49
96 9
67 35
152 15
91 89
147 56
146 1
73 62
75 62
182 181
98 25
89 87
163 44
30 26
43 31
194 159
148 108
178 161
166 125
187 81
54 38
199 39
138 94
113 22
51 18
125 115
173 46
155 154
27 15
187 140
183 141
72 66
97 78
195 93
196 16
156 120
181 45
115 34
152 130
188 3
198 32
122 90
153 17
51 41
60 42
126 64
174 54
170 13
147 73
93 48
185 38
124 116
148 29
45 6
193 161
77 39
195 31
139 50
115 30
137 131
163 153
133 47
161 68
178 150
75 10
142 6
161 107
197 152
193 93
158 42
131 6
169 159
110 66
159 25
54 34
89 9
174 108
126 76
179 109
177 61
191 17
138 28
150 57
142 14
72 33
158 33
56 11
94 57
178 17
138 61
88 10
59 15
145 138
98 93
17 5
78 55
132 31
173 93
167 68
144 80
196 175
93 67
93 38
58 33
146 26
184 33
121 34
166 82
168 78
198 175
136 108
131 115
197 72
152 34
138 29
34 18
176 116
110 11
118 111
170 111
175 55
107 76
40 24
185 151
198 100
193 84
83 6
173 27
110 35
143 61
200 131
117 15
82 41
190 183
186 59
158 37
134 68
165 43
123 95
23 19
158 154
172 86
181 100
166 22
87 39
191 132
89 67
154 117
160 150
127 30
179 31
198 145
122 61
45 39
176 118
150 29
44 1
101 91
41 30
139 91
181 173
146 80
140 115
65 37
66 43
89 23
192 165
161 118
200 132
61 25
115 46
40 33
137 20
36 25
139 42
15 10
188 36
187 66
58 6
68 34
63 14
97 36
111 53
180 21
133 12
108 24
175 94
109 49
80 13
130 101
40 18
47 17
61 43
167 161
85 5
113 79
94 5
123 20
97 95
68 59
145 89
53 13
149 86
162 93
197 27
176 162
95 32
113 99
140 4
78 61
179 157
118 46
47 7
142 16
194 26
148 74
165 32
106 100
43 33
131 89
92 75
175 4
187 57
200 48
148 1
194 148
99 63
159 95
56 52
186 17
167 116
151 81
80 12
153 12
109 105
181 61
120 34
178 77
129 110
95 44
101 23
126 118
34 4
120 99
191 36
196 9
180 1
154 34
194 27
126 16
161 116
120 86
117 70
167 77
127 41
158 82
183 96
158 36
128 125
170 62
151 124
137 91
112 51
119 46
44 15
127 117
120 78
132 107
118 26
185 178
58 57
142 136
67 55
59 54
114 95
148 76
189 109
154 29
113 61
179 106
93 47
182 68
31 30
58 7
67 63
89 35
109 63
94 10
112 95
126 94
102 70
73 44
42 35
188 170
144 100
35 32
111 32
129 85
146 10
73 25
187 11
169 118
188 8
174 41
56 22
52 49
83 44
176 82
135 18
191 18
152 126
137 82
172 54
179 102
40 32
105 4
155 86
168 19
188 90
147 118
161 114
154 20
127 12
169 125
61 56
175 43
57 27
42 4
107 27
157 40
200 186
49 18
162 23
114 61
61 23
198 78
176 173
36 9
148 70
153 46
121 94
105 41
189 84
56 47
147 55
117 112
190 26
166 76
158 141
168 12
128 38
180 125
172 103
166 87
70 8
164 36
137 21
188 54
118 31
194 118
39 15
76 20
86 84
140 77
200 114
122 105
41 35
156 17
103 13
192 180
75 21
191 45
133 112
188 80
113 36
149 73
64 27
177 154
109 76
28 19
48 7
108 38
73 40
74 65
195 7
74 57
101 18
160 132
117 44
89 50
185 82
90 78
139 36
198 159
199 70
172 72
164 81
118 68
190 17
99 89
108 52
196 90
185 45
101 84
117 108
130 38
167 128
94 24
96 45
42 30
93 19
73 33
81 58
141 128
141 119
57 22
81 71
186 114
186 127
73 27
163 33
9 8
135 114
146 89
161 86
133 22
85 46
182 177
176 122
155 26
113 104
30 7
194 84
190 65
149 10
178 54
130 121
184 135
158 2
69 3
151 13
136 93
144 106
167 25
130 97
174 78
144 49
179 23
172 6
158 7
87 71
186 64
98 57
195 108
156 30
178 5
55 18
167 59
106 64
168 17
190 130
164 143
195 143
176 167
75 45
186 116
88 86
155 121
71 9
54 18
192 167
157 1
165 159
100 61
41 33
185 130
86 74
80 14
106 28
179 64
152 104
114 79
147 95
118 64
143 117
133 85
95 46
157 93
155 55
22 19
56 20
173 6
40 12
142 127
101 36
146 72
158 92
167 155
185 83
73 48
193 71
170 99
166 64
184 74
171 48
70 23
144 26
179 24
18 9
124 43
51 24
191 116
102 37
157 118
116 28
186 14
104 73
103 102
83 49
154 113
84 27
135 73
177 105
106 101
63 33
165 81
162 64
115 31
150 98
194 160
93 22
143 85
176 106
138 98
188 130
141 2
158 83
178 60
198 191
154 100
150 123
132 119
176 34
181 104
157 75
145 18
181 15
179 61
80 11
180 93
58 55
66 15
102 15
162 99
186 36
70 55
195 35
199 16
170 21
195 106
98 29
120 76
191 31
166 116
200 23
186 4
162 91
160 58
127 62
130 112
138 43
129 2
89 83
97 41
188 173
128 21
108 8
85 14
166 153
80 8
36 30
170 76
173 15
200 137
82 25
120 15
58 29
73 1
96 60
156 96
187 2
128 6
157 50
47 19
84 49
107 60
192 161
85 23
159 24
115 37
157 138
175 147
100 84
184 105
139 75
177 27
81 73
112 86
77 11
136 55
129 16
82 24
88 68
49 40
162 115
127 60
96 13
197 127
136 127
165 163
33 23
121 78
90 29
130 23
181 137
180 76
177 33
197 146
123 23
117 18
195 67
67 65
119 21
157 96
180 82
197 148
190 111
105 52
43 21
125 55
188 56
144 120
116 67
117 68
79 20
186 120
162 74
83 41
171 85
145 62
174 124
33 27
152 93
108 47
169 14
196 14
115 85
111 24
71 65
192 37
102 93
147 60
190 40
155 30
104 17
166 88
194 59
180 14
115 94
199 166
137 19
107 103
148 129
140 59
96 95
120 112
72 55
176 105
93 42
65 9
165 54
194 89
132 23
177 86
111 69
187 48
67 47
169 39
143 142
184 10
166 137
111 1
42 12
114 59
193 70
85 57
86 45
113 93
126 15
85 48
179 56
37 36
182 45
168 147
87 55
41 13
106 95
178 144
131 110
195 121
129 58
62 7
45 24
93 2
167 36
116 109
174 10
162 137
65 14
154 76
104 102
144 25
181 135
143 80
105 38
132 34
189 11
101 9
197 190
174 114
107 84
190 149
55 4
114 22
92 12
78 72
200 196
110 47
58 3
136 51
118 87
114 91
30 16
130 60
130 39
179 16
129 46
101 77
81 2
20 9
68 53
130 63
169 160
180 28
64 30
150 125
197 7
149 90
131 68
117 8
97 38
133 104
161 10
157 71
75 4
194 134
142 81
163 47
188 81
150 10
191 165
166 70
152 71
142 92
189 151
91 82
164 45
17 13
144 11
174 160
171 108
141 30
62 11
154 92
188 76
72 70
166 86
63 28
128 24
64 55
96 62
128 108
151 76
151 139
77 67
181 73
194 182
168 41
30 3
144 130
55 27
193 167
22 12
182 90
174 141
60 54
170 64
88 14
27 6
200 86
94 89
42 32
124 111
175 65
83 80
98 58
127 65
135 51
188 100
178 52
154 52
189 174
191 32
103 88
196 7
192 90
159 30
157 14
103 43
88 35
118 90
167 78
40 16
149 101
116 26
128 96
161 102
156 87
132 65
182 49
134 125
109 65
104 34
91 47
173 65
150 114
90 21
168 133
56 18
77 9
171 150
146 61
179 93
162 123
149 111
94 86
99 8
177 85
167 79
170 150
131 46
191 84
176 85
182 60
131 22
164 115
173 81
173 123
191 20
110 102
88 70
197 88
115 39
48 38
178 86
189 136
197 160
199 123
34 19
176 65
200 3
95 40
114 99
146 41
187 27
84 44
169 71
193 32
159 137
185 14
181 156
146 17
193 153
112 84
199 154
147 145
116 15
143 67
131 129
169 157
164 83
143 54
46 27
138 42
145 77
172 53
55 24
191 110
141 125
107 75
127 49
158 137
193 14
54 14
133 128
134 56
171 41
191 51
144 66
168 59
191 47
189 39
65 56
193 91
109 69
127 42
148 34
182 121
114 40
146 140
125 114
89 68
150 54
153 141
63 58
173 89
102 26
34 21
139 51
135 45
86 60
196 123
171 114
149 34
62 5
157 79
83 39
28 21
143 47
60 38
199 59
111 11
88 79
138 128
198 163
132 10
87 74
122 113
149 145
166 20
34 6
21 15
188 16
65 1
174 38
152 72
185 4
61 26
166 165
69 40
128 26
27 14
145 144
179 59
79 60
40 19
177 39
144 116
104 88
159 46
106 55
173 69
45 13
156 79
162 42
137 96
156 27
83 60
120 42
165 62
166 68
34 5
156 21
178 103
180 151
195 118
78 45
71 40
110 50
130 6
105 32
176 163
96 59
106 14
135 50
77 55
177 26
123 85
169 1
197 75
190 171
179 105
96 36
153 61
140 23
38 11
148 146
150 46
162 143
192 112
142 10
131 106
117 39
59 20
94 7
72 54
136 30
105 48
164 38
156 152
75 41
189 9
81 66
162 56
178 13
96 78
194 157
74 9
127 108
162 161
174 127
141 123
106 41
44 41
139 39
147 126
10 7
107 88
169 76
199 29
186 181
73 66
136 53
178 87
177 20
81 45
129 62
106 52
122 20
86 12
108 74
49 20
170 94
159 78
175 144
178 142
184 147
180 2
123 93
189 29
87 14
189 188
191 46
147 38
171 131
199 168
169 43
142 126
135 11
133 14
154 95
142 4
150 91
109 37
116 27
104 18
200 188
173 36
165 98
139 76
173 50
175 92
184 115
126 38
195 71
171 29
65 54
125 24
89 12
181 147
32 10
166 65
188 61
200 142
128 111
171 145
168 81
122 74
94 59
81 65
139 72
176 63
150 105
97 48
117 109
191 150
75 36
21 20
197 55
58 4
148 89
185 35
159 32
123 78
126 80
195 5
171 52
181 120
182 126
138 66
185 75
56 16
66 12
107 1
168 149
86 4
186 133
95 86
156 113
186 3
100 6
195 18
125 25
115 12
127 3
174 168
20 7
183 90
197 9
150 33
67 25
165 105
142 63
136 44
92 30
83 37
28 4
99 61
161 91
176 29
93 26
176 126
167 119
82 22
99 28
180 109
200 8
103 14
197 17
195 44
138 87
130 9
86 16
197 104
113 20
28 1
197 29
123 92
135 76
126 29
190 45
136 122
171 27
139 48
65 27
158 111
53 31
79 13
147 101
192 40
178 42
140 100
84 52
143 82
162 134
151 9
162 35
148 24
154 88
69 59
118 73
160 108
127 98
165 60
109 71
177 128
71 27
55 32
154 13
158 120
177 160
116 38
181 134
149 108
64 9
178 37
165 1
155 65
131 19
197 93
53 11
87 4
81 6
153 31
173 51
58 50
82 8
148 72
162 122
124 94
72 48
136 46
144 133
182 110
114 80
78 30
143 4
95 89
191 171
176 78
152 45
166 56
104 43
200 43
47 14
90 54
19 1
174 79
172 4
123 62
113 40
24 7
52 6
70 4
22 9
184 142
154 11
161 22
153 139
147 115
197 128
170 97
200 75
128 82
82 81
179 172
46 31
64 42
188 17
62 45
169 142
191 48
104 103
68 33
151 115
140 114
145 54
124 66
186 103
170 112
45 28
150 146
189 134
99 96
140 30
135 30
197 4
196 112
117 17
172 131
165 66
102 25
194 74
60 39
50 15
70 56
162 104
143 94
102 83
121 64
118 112
176 146
71 21
114 50
164 73
117 97
31 22
57 50
186 113
31 29
121 29
116 113
164 148
133 66
189 114
94 9
96 7
150 5
130 43
158 74
183 175
192 33
191 122
113 59
195 157
97 76
121 52
187 114
73 31
153 64
77 41
161 20
50 27
184 4
192 130
166 101
128 32
59 19
89 85
30 19
153 52
74 56
123 122
175 31
75 56
141 62
126 111
196 68
114 72
147 14
133 23
83 26
174 39
93 3
191 143
100 19
134 120
176 139
147 72
179 137
195 161
72 40
168 9
153 45
181 169
64 43
117 35
65 3
117 87
104 44
93 62
143 136
132 96
119 56
180 131
82 51
148 27
95 60
187 171
66 39
125 85
193 20
189 22
91 30
148 57
175 53
51 47
88 2
150 79
118 69
119 71
199 146
176 47
145 92
199 37
154 126
148 123
72 43
156 107
65 43
163 124
137 114
182 83
119 112
177 133
184 129
187 121
138 13
24 18
38 23
85 22
148 65
60 28
192 23
99 98
114 109
192 175
83 23
194 114
154 82
146 104
121 100
72 8
141 47
128 12
173 62
103 65
111 67
167 121
75 65
183 8
187 115
198 77
187 147
193 95
175 61
176 9
189 93
125 45
155 25
146 144
102 10
178 131
47 30
176 15
161 128
176 95
118 102
190 28
157 78
68 23
114 100
158 9
141 3
192 132
150 12
151 14
49 42
185 135
82 5
134 1
118 78
197 25
140 57
57 54
35 8
172 134
168 56
174 62
41 3
117 105
171 86
174 2
74 46
95 22
37 4
56 38
185 58
159 69
147 96
86 76
131 128
77 2
196 59
66 45
150 106
90 84
156 45
81 14
162 16
189 107
76 74
65 18
196 185
172 21
185 94
130 2
198 120
188 25
77 73
181 129
7 1
86 77
197 22
92 19
130 71
165 144
107 49
68 11
122 73
168 40
176 159
103 98
159 47
144 108
81 10
167 99
158 67
75 11
50 16
121 3
151 119
145 14
95 58
183 178
167 117
124 95
25 17
121 18
141 69
140 44
84 69
104 47
135 43
167 56
85 73
163 112
149 62
92 76
151 17
65 22
162 73
142 35
164 139
91 41
108 106
109 46
183 47
196 122
180 43
171 12
189 21
127 52
194 35
158 58
128 102
165 103
199 57
183 174
192 93
122 118
69 60
136 35
139 32
161 54
194 16
89 47
145 143
108 27
90 51
199 58
110 81
40 2
109 73
136 107
158 16
168 7
113 4
109 4
160 4
134 35
125 112
108 25
146 92
151 51
186 86
159 45
163 102
155 136
163 82
172 25
132 125
88 36
179 165
101 16
199 63
93 65
172 70
196 17
167 87
199 91
196 5
111 78
52 17
142 20
155 134
169 12
127 82
88 40
176 66
168 52
128 124
198 176
153 59
173 2
6 4
117 54
98 88
74 72
11 10
144 21
153 76
126 43
167 127
191 63
143 74
122 9
197 21
114 55
125 96
64 38
195 83
140 20
51 13
52 3
117 110
147 7
193 4
52 39
92 2
151 25
188 82
199 125
173 160
164 118
144 5
70 36
175 171
148 127
139 6
148 142
135 72
139 24
84 17
113 60
138 57
102 29
184 141
103 6
166 55
143 14
178 32
187 173
179 28
102 11
100 90
125 30
175 120
87 41
107 41
115 2
75 73
161 58
170 69
133 18
147 90
51 1
81 28
166 46
125 69
60 49
194 111
80 32
163 155
124 74
183 54
182 156
44 18
108 45
144 78
80 17
133 77
107 90
179 13
149 114
36 22
23 21
161 61
141 102
87 24
148 41
117 42
132 55
71 22
119 17
24 13
142 123
150 93
63 32
196 135
190 105
172 133
126 57
72 46
156 61
175 131
170 43
117 27
63 52
168 151
181 101
187 78
59 56
179 113
195 128
181 155
190 155
193 108
196 142
178 83
181 165
128 11
124 56
182 35
173 68
189 46
163 136
79 21
179 7
193 18
197 26
120 97
186 85
192 85
133 88
145 96
163 74
172 62
182 139
154 79
171 146
190 27
18 7
125 82
143 90
47 44
101 22
126 105
32 4
170 1
123 50
195 191
159 116
60 18
33 3
162 29
111 89
104 77
149 69
100 1
157 36
101 49
74 11
64 16
187 36
169 167
160 15
77 58
13 5
128 34
69 42
43 40
103 40
57 14
186 65
192 82
121 4
175 106
96 57
146 108
189 127
104 87
37 27
187 23
186 18
173 95
144 56
104 55
85 61
156 86
100 34
119 70
149 118
26 19
82 47
193 88
77 28
127 121
80 62
130 46
185 65
199 45
28 10
134 74
112 16
122 41
117 100
199 195
147 120
116 41
134 17
177 15
156 98
191 101
93 76
160 88
101 55
163 87
145 124
182 114
65 42
146 134
184 16
103 27
121 49
43 12
97 22
130 40
187 176
167 97
158 39
196 22
66 21
192 123
153 88
136 7
134 43
44 27
167 92
196 107
70 50
115 97
181 34
155 128
128 64
186 53
189 54
12 4
173 40
198 33
124 114
158 19
153 115
39 8
101 79
174 19
197 66
142 34
159 14
198 194
192 73
12 10
200 30
198 121
158 155
150 73
135 20
196 10
119 36
167 9
170 120
144 39
115 109
62 18
176 40
84 46
134 66
182 91
141 104
123 27
184 80
96 29
172 56
157 94
176 12
193 130
99 68
129 94
190 100
114 87
160 17
185 44
136 115
118 33
188 69
103 2
161 108
140 112
68 35
64 29
190 169
188 23
53 24
147 39
69 52
195 167
188 31
186 80
29 7
113 49
23 22
114 94
146 49
183 80
192 52
112 38
191 52
150 6
115 56
73 10
126 34
124 53
100 22
94 46
128 3
84 12
174 81
191 190
146 86
67 11
196 128
175 86
93 46
124 41
194 151
167 22
144 15
134 3
86 2
83 67
175 87
130 81
177 65
53 30
184 31
159 20
192 5
56 14
56 4
135 40
114 45
181 170
180 135
181 167
158 130
188 114
181 88
64 2
168 33
195 154
154 107
146 32
109 34
117 32
171 143
193 155
94 85
87 47
155 27
190 32
149 2
83 69
169 96
142 102
97 82
197 8
173 131
149 45
120 52
181 166
85 77
64 25
120 117
103 25
64 46
90 16
165 123
60 17
169 55
176 111
115 36
170 42
174 100
184 27
77 6
162 30
137 127
188 89
163 65
115 33
199 40
114 13
93 84
191 92
179 164
24 6
200 175
177 9
191 155
192 91
71 18
77 72
8 2
76 75
197 158
197 38
4 2
144 109
179 81
131 51
75 16
69 13
73 69
128 46
171 46
196 69
140 132
66 28
157 60
107 64
127 58
142 105
172 171
57 47
146 16
82 30
194 124
126 112
171 50
180 44
70 27
129 60
149 103
135 62
188 115
107 48
123 52
82 36
147 70
93 12
96 46
85 66
125 63
198 35
41 24
158 50
181 82
82 18
196 156
160 24
100 65
158 55
119 81
70 41
170 133
153 119
192 114
180 37
104 91
9 6
198 168
180 69
52 2
128 45
49 10
52 29
76 50
197 168
150 40
182 48
188 169
132 57
49 37
173 108
149 52
81 37
94 70
171 124
156 132
177 63
52 36
101 67
187 90
168 157
30 23
163 50
19 11
200 135
117 95
153 114
135 54
125 31
77 56
87 68
100 28
129 113
111 35
180 81
109 85
111 42
32 30
175 122
153 148
152 61
70 53
