500 12475
247 57
213 108
329 149
291 60
219 54
336 97
462 444
328 26
273 272
114 44
448 105
350 109
498 54
379 307
406 379
104 1
212 72
476 442
392 78
45 39
373 176
359 343
392 30
428 67
400 378
358 208
254 241
218 196
360 287
110 65
493 293
395 279
324 12
340 118
488 328
497 34
438 324
482 231
153 143
460 329
487 214
377 88
288 82
199 123
160 48
385 262
466 439
330 118
363 34
352 292
203 31
95 91
425 141
169 163
426 337
291 48
494 361
332 115
274 188
374 308
273 128
488 140
119 54
449 114
427 372
385 44
421 377
446 291
474 363
293 227
311 151
442 210
118 31
437 207
308 212
375 10
248 237
488 390
393 263
313 187
198 189
114 89
198 138
110 95
186 148
188 31
300 260
218 37
315 122
463 326
321 300
478 362
235 65
286 194
450 108
265 19
304 174
424 143
279 126
462 288
237 198
170 92
489 335
158 23
397 295
114 85
302 14
349 199
418 140
276 260
443 361
326 149
388 240
415 199
480 119
153 105
186 26
302 41
277 5
369 30
428 427
348 100
408 407
381 305
345 128
336 314
500 25
161 37
340 23
447 112
450 420
74 11
419 294
210 68
432 84
341 56
388 91
110 48
216 78
470 94
191 90
203 27
492 364
492 23
289 99
455 78
144 24
236 173
427 401
221 92
474 390
479 153
394 36
421 266
229 39
410 11
223 179
463 325
377 336
494 318
473 117
467 262
337 42
475 329
268 93
464 233
484 65
313 307
462 418
158 34
56 50
70 29
388 92
209 129
139 64
430 368
426 47
421 222
287 210
492 122
412 1
231 142
28 8
443 78
388 125
287 195
479 272
136 69
406 18
449 237
335 207
489 121
195 47
409 98
196 123
500 172
390 346
310 276
275 18
340 120
202 35
443 170
491 50
478 288
224 128
268 72
481 130
213 4
282 264
357 61
307 257
200 180
428 172
490 41
380 140
390 59
189 84
199 61
124 13
431 77
227 139
334 245
413 302
150 143
438 379
200 104
417 378
226 146
249 123
321 194
363 28
450 397
469 226
441 385
493 305
131 16
489 188
244 118
368 354
485 352
92 68
416 113
323 44
488 47
64 15
320 132
463 105
373 224
217 76
481 169
175 166
469 316
229 201
474 437
353 303
455 395
397 391
396 329
343 289
244 39
172 25
278 138
343 223
462 338
307 179
122 109
369 180
149 7
252 185
229 13
448 106
499 58
370 251
234 114
488 91
420 404
339 290
401 181
371 225
384 26
497 205
275 167
479 218
446 294
331 311
184 73
358 177
277 264
386 99
399 117
188 145
279 277
352 168
359 28
241 163
219 122
435 131
390 325
166 36
247 172
485 270
491 40
418 69
474 140
457 69
206 157
434 321
305 50
344 149
76 58
458 240
247 213
406 399
162 99
500 300
232 74
294 170
359 133
374 370
153 23
500 160
324 310
397 83
378 49
390 249
237 135
349 204
224 121
101 10
439 433
469 433
200 86
163 147
466 69
288 260
258 194
384 266
120 117
408 51
367 289
437 289
287 284
408 47
398 349
472 214
331 68
400 188
475 16
333 293
307 218
337 177
325 102
168 55
499 111
422 223
476 250
410 132
343 170
300 235
164 71
439 353
171 145
436 213
459 451
335 40
485 263
475 108
161 142
51 4
78 37
127 29
418 257
286 276
294 219
472 276
206 106
85 5
336 75
445 62
368 90
452 263
218 47
348 176
419 371
352 36
150 108
142 41
480 433
455 189
208 63
500 269
463 435
450 10
93 59
311 299
465 133
430 390
416 9
414 272
296 61
392 162
181 133
135 15
218 87
491 220
477 147
153 108
320 277
299 168
397 318
430 248
290 273
179 109
327 257
476 139
444 326
210 121
37 3
332 194
371 27
315 25
441 8
415 229
439 250
429 190
429 57
420 181
291 89
496 115
392 148
403 372
357 22
212 129
333 66
171 20
435 226
500 105
297 131
466 246
326 62
427 250
441 343
478 72
225 33
499 395
450 347
467 82
126 88
323 94
486 207
177 142
208 141
308 40
283 224
352 273
500 347
131 79
352 334
403 38
383 24
259 236
489 400
431 45
185 35
354 20
259 255
239 105
437 185
454 218
424 181
477 459
423 247
494 367
433 402
430 247
196 31
296 54
281 191
393 235
66 63
238 180
468 253
72 43
348 120
281 143
416 241
74 55
497 162
284 60
280 39
191 175
413 264
476 2
276 67
283 67
326 231
401 178
324 139
289 234
290 122
434 164
472 332
47 6
474 87
387 226
383 298
473 388
293 292
429 335
410 68
290 228
163 114
474 99
480 434
417 40
456 34
431 190
484 218
239 88
380 339
341 322
293 179
331 179
295 178
66 9
479 469
272 170
90 33
311 121
466 25
442 124
230 167
492 185
487 372
431 195
152 70
460 359
378 197
486 125
394 241
396 181
475 466
411 14
483 271
311 178
441 41
392 106
116 56
225 158
292 130
224 105
330 282
415 258
423 33
321 226
113 9
393 117
460 87
416 296
453 43
213 136
142 82
234 154
197 180
288 36
371 174
212 208
207 21
359 223
383 4
315 299
147 69
138 54
302 103
419 241
200 116
252 167
341 289
349 203
90 21
438 308
193 75
490 281
409 306
341 275
366 26
417 219
393 54
282 217
433 15
86 30
174 35
403 185
110 106
469 401
334 207
340 142
245 128
324 246
454 320
469 281
466 299
138 131
390 266
191 11
224 98
493 189
170 21
359 205
244 206
403 190
182 60
345 216
311 250
406 22
449 443
217 123
387 145
457 266
484 227
363 129
129 28
373 275
162 68
432 150
450 434
110 64
88 42
382 92
273 220
471 128
465 44
381 131
415 37
286 180
275 16
498 479
441 308
395 339
379 328
272 161
301 257
173 54
382 182
122 65
374 214
392 157
259 167
364 333
357 155
212 56
125 98
316 23
263 55
331 198
421 398
101 45
312 5
268 259
424 320
432 70
300 67
438 283
492 87
225 187
344 294
378 337
279 257
414 274
165 118
401 392
267 240
375 42
431 52
209 127
11 8
135 32
214 84
156 104
407 220
246 235
269 11
483 40
467 66
160 82
325 248
341 291
328 12
437 242
377 280
381 23
108 93
430 364
416 406
156 120
223 92
94 62
358 323
284 67
486 18
358 305
29 13
253 233
494 207
340 75
92 47
386 113
299 132
385 98
325 63
150 15
118 48
484 301
402 387
487 328
209 105
122 16
357 263
363 9
468 222
417 74
299 22
499 197
421 404
472 278
471 401
366 188
214 136
378 58
327 133
487 455
434 375
212 75
392 52
227 218
355 330
489 420
397 270
376 75
379 175
478 366
372 64
436 291
120 63
224 45
351 335
460 407
146 79
480 158
286 272
492 330
219 119
426 161
352 195
137 7
496 81
488 48
471 84
353 121
225 131
495 262
309 230
273 167
192 19
456 31
368 317
493 449
224 101
453 440
438 313
279 145
300 62
137 70
439 111
477 389
447 129
259 147
122 34
391 160
147 40
322 22
206 149
396 372
459 293
420 298
338 44
117 34
398 171
197 41
269 252
497 283
389 276
162 76
242 140
346 206
428 70
171 142
459 226
446 174
260 16
107 6
304 130
378 71
244 169
258 232
404 1
206 154
185 58
273 234
492 176
257 42
372 136
398 75
424 384
438 314
295 257
491 403
157 6
326 98
374 58
443 205
472 362
354 140
479 346
411 398
406 267
481 35
220 40
322 44
392 210
327 75
379 269
483 213
243 117
418 155
425 420
147 123
491 200
91 17
293 185
310 64
356 31
491 188
340 317
388 375
245 52
467 22
248 123
279 140
251 2
497 97
398 325
129 18
425 336
490 166
487 157
217 208
253 149
373 122
398 213
407 55
367 326
184 171
149 15
274 245
354 199
484 440
198 63
304 4
352 146
320 94
379 220
269 258
361 123
384 288
450 93
430 68
474 399
418 84
343 21
491 43
258 105
62 50
495 285
273 169
384 242
148 19
405 271
482 272
410 359
492 117
369 136
396 331
311 191
464 199
473 201
357 188
161 150
482 82
189 79
355 133
440 291
482 430
447 250
456 333
244 180
320 44
486 40
220 75
420 23
437 388
188 156
179 176
438 423
414 339
230 165
451 269
453 80
292 227
18 8
460 309
249 18
439 95
370 314
411 243
468 14
371 232
394 111
408 266
403 145
287 178
400 281
375 103
336 305
488 240
130 105
490 341
404 43
125 58
355 257
500 475
482 299
364 72
257 214
98 28
265 142
499 413
226 56
250 227
359 68
378 375
441 335
455 210
377 250
465 260
481 269
382 288
260 83
131 75
251 84
259 166
390 96
218 133
439 230
431 402
385 292
368 81
417 8
124 122
428 161
247 211
165 135
364 81
458 386
441 339
369 237
39 34
225 156
237 126
164 45
271 55
426 40
110 2
491 49
315 23
170 122
417 286
357 226
290 277
470 273
143 91
428 169
114 24
273 166
492 141
488 439
414 232
373 166
393 365
132 93
479 78
394 143
335 194
184 164
355 122
469 129
478 170
75 11
330 317
361 157
291 16
380 143
355 193
471 215
491 345
293 217
456 51
212 80
484 254
255 204
491 393
422 337
380 59
465 82
409 24
330 150
417 303
192 33
486 105
220 93
470 158
196 34
478 101
199 185
366 70
206 146
450 234
399 254
417 129
390 301
465 110
90 78
389 155
495 194
210 161
230 4
292 275
287 132
118 82
364 318
272 175
418 310
229 71
487 353
338 200
473 304
489 407
405 155
419 24
328 83
484 171
376 248
128 126
469 244
279 59
491 283
291 176
188 23
445 436
336 269
346 37
217 80
458 26
400 193
250 54
202 43
153 66
375 52
130 31
398 296
86 5
335 295
318 270
484 424
250 34
161 152
130 29
351 217
349 67
442 48
262 119
367 301
252 108
346 295
476 234
318 262
447 163
140 118
419 347
403 41
313 66
488 426
347 83
484 267
383 128
165 48
497 255
320 203
475 119
388 101
176 142
387 146
285 136
161 51
335 256
499 272
331 32
149 146
199 12
162 157
52 17
326 302
118 85
151 76
152 81
461 251
307 299
438 276
408 1
450 438
436 25
328 230
500 173
327 228
354 212
330 326
456 380
476 273
496 326
339 102
217 91
455 135
152 16
191 34
312 35
298 77
143 115
472 207
365 44
268 262
498 7
391 280
285 114
227 86
369 21
480 46
361 37
217 205
170 143
340 199
182 28
360 251
256 180
416 300
280 188
117 84
429 232
425 266
351 139
380 191
454 367
462 82
321 97
400 310
271 236
403 364
344 322
323 237
220 142
282 233
447 104
205 188
483 281
449 296
172 41
109 96
301 251
251 116
424 9
310 57
427 189
156 110
398 34
177 166
383 333
500 379
289 253
295 16
468 310
277 252
106 3
160 71
473 214
250 91
333 108
465 460
494 141
347 52
337 50
367 58
31 28
484 401
457 339
423 421
437 7
469 98
256 27
403 265
314 81
450 263
202 45
319 46
341 227
118 19
459 233
393 280
480 287
257 24
328 319
198 100
15 10
363 98
301 210
411 155
365 109
401 371
375 79
222 83
312 112
376 350
496 404
405 216
316 29
257 207
328 315
425 100
496 195
411 62
253 119
118 73
443 413
428 313
308 154
230 133
435 19
478 204
476 17
253 213
459 248
322 306
424 64
418 76
288 54
360 95
313 162
461 303
469 296
434 34
301 233
316 196
324 42
181 65
446 344
380 287
328 120
318 274
229 40
483 177
476 3
48 37
225 61
328 196
294 270
78 57
222 132
500 341
262 48
235 115
327 52
469 135
401 96
135 73
207 168
377 34
395 57
181 117
444 126
176 87
157 46
420 46
85 48
131 58
263 64
460 385
499 363
367 94
409 172
452 166
430 397
363 291
352 250
223 83
476 328
312 296
296 294
276 30
400 89
470 186
499 374
255 73
500 207
470 304
130 72
346 41
316 35
315 290
472 280
140 50
428 112
447 410
120 81
441 245
370 325
287 147
380 292
472 444
441 17
251 149
429 307
432 40
263 201
224 74
183 171
285 208
293 78
478 468
302 162
272 154
456 391
219 51
194 129
47 11
430 32
412 147
325 279
435 303
277 33
344 62
454 48
293 236
329 12
390 10
244 123
457 129
435 9
263 38
487 186
225 138
480 454
393 302
289 275
483 449
237 41
299 194
125 21
452 264
497 296
443 266
465 187
281 111
431 324
288 111
247 33
442 24
424 317
460 417
199 52
398 70
348 3
285 58
446 78
265 144
273 90
240 191
323 188
497 469
187 142
451 315
252 126
192 69
492 328
310 132
398 217
431 196
420 138
409 383
258 188
252 186
492 137
305 161
473 72
111 33
382 68
207 65
308 218
484 324
292 172
481 443
404 183
91 69
163 129
275 11
218 64
454 380
484 419
462 208
459 431
426 234
462 271
226 25
273 39
344 324
34 23
290 244
480 208
489 31
314 240
329 52
325 38
317 84
468 438
221 110
346 88
479 97
447 324
336 284
433 406
281 90
227 13
356 144
203 110
112 87
363 48
293 177
347 221
457 265
491 422
461 44
252 121
302 119
371 278
364 213
252 154
162 50
210 155
465 108
451 418
305 226
296 45
310 107
243 84
240 147
429 353
377 152
260 45
342 21
383 123
497 285
495 410
426 267
465 427
212 2
292 242
371 148
294 284
224 31
210 53
460 157
235 200
107 94
400 25
418 1
460 235
277 201
93 38
290 278
389 197
425 54
427 380
490 247
308 96
186 58
260 171
366 362
457 392
120 52
417 343
452 126
336 295
364 226
60 35
444 83
394 41
436 169
320 195
232 44
202 24
126 124
310 141
420 230
420 12
195 131
432 312
451 199
49 34
325 46
442 306
246 14
319 5
469 81
459 106
355 134
366 124
312 154
63 3
203 76
316 240
446 102
369 232
490 263
380 375
427 340
144 98
382 97
475 326
345 224
380 71
435 136
201 146
475 228
293 200
387 333
244 64
490 427
283 140
423 121
331 327
402 366
467 367
442 167
230 177
488 404
345 313
238 185
113 4
376 165
387 15
184 175
367 338
162 14
474 201
68 23
384 168
472 321
307 192
147 84
314 137
327 78
470 80
431 380
388 51
113 101
75 40
398 334
220 69
285 68
198 103
375 80
469 418
388 249
468 405
389 340
495 227
478 354
461 107
351 325
430 126
437 122
494 433
379 6
389 352
439 421
155 50
275 192
277 160
269 72
449 325
99 35
349 45
394 303
270 178
343 61
305 274
346 158
472 263
440 415
322 26
271 199
294 91
98 21
489 17
437 31
481 175
197 179
473 118
459 311
320 74
197 153
323 134
337 63
344 188
464 213
406 238
453 25
363 233
74 8
466 441
148 76
305 271
209 47
322 79
378 13
499 141
381 97
232 32
387 298
353 111
255 62
188 44
414 196
397 268
357 1
228 226
462 286
352 138
450 134
255 13
188 172
395 385
399 379
350 48
288 39
418 36
350 212
409 201
268 87
216 132
485 131
173 15
474 144
447 380
357 187
320 150
186 31
386 314
190 79
262 212
226 96
453 267
135 11
137 26
484 133
38 31
227 73
286 137
283 227
321 42
468 249
451 62
209 138
334 243
373 17
176 11
433 137
368 92
347 124
467 127
306 119
302 93
455 188
475 260
444 154
347 194
287 117
420 53
293 20
402 105
207 31
438 418
210 25
388 354
69 55
242 175
449 335
168 14
458 296
409 138
34 12
268 205
121 11
482 373
290 191
402 62
169 138
462 40
223 158
365 152
165 60
494 244
467 445
470 466
232 195
441 200
449 221
247 113
264 233
400 148
470 316
438 100
350 216
224 171
500 112
487 70
311 91
155 87
437 334
455 380
442 312
481 390
446 435
471 190
169 73
159 81
216 137
440 253
496 28
500 446
459 280
499 339
458 358
407 239
208 157
455 229
460 291
411 408
467 94
327 273
499 405
440 268
433 47
467 85
196 28
407 390
481 274
465 33
229 32
457 58
410 4
360 249
342 17
474 400
389 295
397 210
242 153
382 1
338 45
462 95
435 215
394 179
205 70
413 385
199 41
240 222
312 62
435 346
272 59
204 175
376 196
204 131
479 17
458 96
315 125
248 204
412 19
461 198
467 378
238 202
339 175
373 76
345 261
483 54
431 24
243 27
416 310
75 62
355 52
373 254
479 123
147 68
222 205
473 431
157 136
397 52
280 269
204 100
480 36
452 430
430 424
132 50
91 48
223 76
459 165
417 323
101 99
75 54
338 238
196 50
459 185
72 7
382 329
407 71
77 44
331 205
415 403
456 195
482 43
329 112
327 69
488 366
462 78
60 46
95 27
482 298
340 240
493 348
325 108
449 439
481 456
236 163
497 222
110 85
151 69
157 152
401 144
495 151
415 297
361 256
329 81
297 74
500 318
406 222
291 244
496 275
331 154
342 131
220 111
356 60
282 219
493 145
436 176
76 11
288 132
305 74
426 173
372 154
497 372
329 255
469 166
280 18
472 88
150 93
452 281
448 21
22 15
366 224
366 61
128 15
387 378
238 6
271 235
175 64
484 361
221 24
489 424
177 161
329 158
479 361
380 286
393 67
471 179
254 49
301 114
442 188
334 83
420 295
306 194
448 259
332 268
358 290
237 98
440 356
211 170
214 15
320 267
360 162
428 295
489 61
374 244
161 42
205 124
376 368
423 364
159 117
439 388
36 6
434 257
107 70
491 89
476 278
144 12
456 89
482 77
258 128
476 26
176 39
320 206
208 132
338 151
446 163
89 16
358 65
479 228
427 147
375 21
413 340
216 9
354 27
499 60
418 205
408 87
292 167
341 310
454 138
136 50
302 73
229 166
277 185
432 88
220 148
367 114
419 38
301 157
391 72
409 194
441 381
468 100
424 49
387 92
384 220
79 45
194 50
394 342
419 195
470 455
405 187
124 123
494 201
340 296
124 57
389 150
146 124
486 146
358 51
345 335
36 31
476 258
494 455
400 275
499 116
351 322
343 263
353 199
26 23
356 280
78 35
488 260
306 99
462 363
190 65
315 222
492 62
318 114
467 122
146 119
374 224
218 122
355 262
204 167
461 136
309 234
497 75
352 217
468 272
134 12
395 103
417 191
234 109
267 14
271 22
281 62
346 230
394 264
308 282
380 110
443 110
407 352
98 85
372 166
481 176
369 109
50 2
206 160
116 110
151 141
112 95
493 389
198 9
479 295
263 7
454 368
315 128
465 53
230 191
450 21
336 144
114 61
180 133
320 96
173 42
152 149
345 180
409 290
429 191
315 213
466 226
423 231
387 246
419 314
247 65
184 170
292 178
319 217
402 204
33 15
471 343
205 180
470 176
269 100
269 195
391 183
443 123
78 24
155 81
71 64
437 44
444 3
474 55
151 36
203 23
253 87
347 216
431 346
454 413
401 111
440 156
472 83
394 340
280 257
468 324
268 124
498 28
177 17
444 373
453 300
375 183
498 195
423 223
438 153
293 151
399 263
463 65
446 350
489 202
262 137
373 53
333 32
462 324
150 116
277 111
77 26
306 287
463 179
264 248
302 43
417 28
304 100
488 52
252 60
225 81
454 252
469 206
219 11
468 465
391 90
311 171
425 13
393 363
299 143
475 84
449 127
402 134
471 297
336 182
462 265
434 105
128 64
375 264
205 88
384 118
376 43
495 366
161 24
231 10
466 401
353 308
298 253
495 405
299 189
422 157
336 335
346 7
61 35
220 200
301 7
107 79
242 38
412 212
196 10
447 445
436 274
286 108
459 225
330 26
349 230
313 234
284 101
72 56
487 120
314 250
262 138
142 31
454 182
267 144
404 292
383 19
403 101
495 286
162 10
308 118
174 57
447 437
417 17
469 21
433 9
418 105
271 13
378 12
397 277
373 74
437 351
465 272
457 70
368 338
409 13
437 79
300 164
432 348
214 176
329 51
222 187
469 215
402 49
199 24
428 350
295 121
437 126
322 91
354 114
159 97
437 63
121 30
354 182
268 242
89 6
440 332
499 408
459 99
452 361
448 370
492 476
311 42
158 76
324 2
361 193
243 127
382 29
384 363
158 30
420 7
356 282
433 20
249 77
258 39
303 183
367 245
478 314
280 146
346 57
255 245
285 64
416 304
431 234
402 254
493 3
488 440
461 397
143 120
471 145
422 62
172 137
372 327
286 197
359 267
403 12
301 261
299 226
325 193
495 66
397 80
377 52
98 1
189 96
468 367
374 280
383 181
445 34
253 240
354 156
295 112
296 182
307 10
279 47
276 63
117 63
106 77
429 266
293 131
445 235
133 94
395 293
244 76
346 232
394 273
242 164
239 166
418 352
347 243
474 357
486 29
465 409
306 243
325 258
435 309
365 220
384 12
422 142
196 148
251 185
496 472
129 78
35 11
309 71
277 219
489 331
299 190
423 96
236 151
247 73
380 238
305 241
364 121
185 59
397 40
495 170
197 4
58 31
444 301
388 277
334 234
495 461
436 364
482 240
416 353
296 260
318 28
412 322
211 108
472 53
295 233
246 160
127 70
486 254
424 65
395 307
283 85
394 191
468 466
471 251
417 262
479 338
404 210
369 292
332 6
476 45
389 84
473 215
237 38
426 67
493 72
441 395
371 116
363 325
164 135
318 273
326 193
194 107
125 111
267 32
447 45
243 241
469 141
266 44
266 176
347 54
271 163
153 106
401 56
222 15
270 37
447 424
370 89
335 125
376 207
460 448
276 167
398 204
328 167
469 137
432 395
354 172
194 87
246 147
337 175
306 66
420 359
461 84
461 297
348 310
421 31
490 309
466 180
317 242
396 281
302 60
299 64
177 51
457 312
449 371
497 420
474 373
187 164
239 129
420 329
382 186
342 61
437 149
314 184
250 218
392 59
331 286
192 102
321 104
204 44
294 278
346 339
347 112
286 90
200 173
194 166
258 35
463 305
455 290
179 18
497 374
138 24
346 331
380 150
409 59
403 91
474 418
162 1
210 126
190 110
296 227
337 93
236 158
398 104
200 114
480 388
349 37
294 47
401 255
418 275
496 180
349 147
435 360
425 138
271 53
451 3
259 37
384 259
291 57
332 38
232 205
264 22
496 207
106 23
369 246
236 188
299 140
342 116
388 12
16 6
395 388
433 149
407 109
105 18
213 174
405 135
363 273
430 209
332 177
202 98
125 65
372 137
382 350
355 295
252 43
469 158
136 12
258 123
359 72
183 99
229 163
356 211
267 200
480 142
497 146
326 298
229 88
130 46
427 142
483 336
278 186
254 115
86 65
196 60
478 469
277 238
414 304
195 11
477 165
294 93
372 255
398 160
56 45
452 423
72 6
417 339
460 388
442 104
321 185
206 92
228 144
388 108
498 192
351 263
198 47
351 27
392 96
351 120
434 408
455 364
445 402
229 55
257 82
178 112
189 93
493 460
321 276
406 177
37 36
483 19
325 211
437 117
263 36
459 278
462 77
221 54
104 77
309 306
94 59
286 231
417 166
274 181
313 47
291 73
245 51
487 163
242 46
426 262
490 29
329 152
397 110
427 218
454 336
146 90
372 219
418 181
398 5
347 68
159 82
367 254
393 309
275 47
257 22
272 46
382 287
29 19
120 99
66 53
28 24
200 76
161 125
70 58
85 65
389 95
217 73
222 214
482 71
299 94
148 86
167 106
492 260
72 46
216 89
473 34
420 94
488 331
293 285
500 180
294 293
410 189
493 448
386 355
295 77
494 260
427 188
152 136
131 86
281 258
421 154
362 74
313 178
397 243
37 20
161 153
164 124
456 435
198 127
221 141
142 25
383 77
445 29
154 120
432 76
296 212
241 105
425 105
463 178
461 128
241 116
409 371
151 12
339 243
436 99
388 295
414 379
244 210
472 429
492 451
374 174
207 180
237 188
311 216
493 260
330 167
357 264
323 139
88 56
324 105
442 156
435 364
223 14
105 77
304 132
47 33
328 176
479 341
457 431
384 213
215 49
307 268
446 426
436 170
401 8
304 278
368 311
303 213
450 282
439 244
327 35
419 386
350 145
255 37
469 188
294 64
461 204
419 403
276 150
213 132
438 353
208 80
331 211
466 10
469 344
415 51
180 36
260 111
235 106
233 211
483 296
302 222
438 414
449 373
163 110
254 190
318 57
393 359
479 110
461 320
283 91
409 30
295 160
486 57
427 269
149 107
482 10
284 77
389 224
496 67
127 1
384 298
370 52
238 50
351 37
318 282
424 332
384 380
430 22
488 35
161 47
492 19
380 320
223 160
211 149
259 68
150 16
200 88
303 52
132 43
344 176
250 210
491 263
425 4
414 105
450 178
412 143
362 163
277 95
305 263
463 356
325 138
353 328
225 178
51 19
269 30
143 112
69 20
458 77
215 11
477 347
307 29
436 80
172 126
305 240
433 64
249 50
452 190
347 310
245 220
185 43
190 141
469 342
347 135
401 352
386 235
323 7
273 64
481 335
469 180
404 91
123 32
372 138
350 152
339 185
489 186
500 297
481 471
399 292
388 7
354 329
338 24
451 437
494 447
259 114
173 76
376 330
485 300
135 104
130 57
492 218
468 74
120 75
398 277
332 204
384 207
319 247
480 85
322 223
445 96
198 175
386 153
436 299
459 268
359 1
458 247
95 15
256 96
390 372
473 433
399 243
250 73
349 229
184 11
439 57
264 110
448 63
480 375
414 266
363 362
298 98
483 95
322 193
297 248
363 292
344 280
460 207
479 98
417 391
73 23
52 16
254 3
404 377
365 81
475 388
69 18
401 226
396 93
158 31
477 246
252 144
190 146
316 175
277 110
424 2
490 146
491 338
151 133
449 76
224 15
202 181
468 99
190 100
412 295
409 16
441 376
499 152
340 13
249 73
325 112
380 370
455 362
453 335
372 58
465 398
357 137
356 230
244 12
217 62
463 425
328 130
493 78
412 331
359 245
421 26
464 157
460 161
309 263
427 200
268 191
302 271
396 59
174 156
156 77
68 14
419 353
273 101
308 115
283 110
405 303
430 370
367 53
254 25
388 282
459 8
312 114
301 286
359 52
343 165
339 218
333 263
470 447
236 76
177 61
254 114
486 93
444 244
256 232
491 209
140 70
421 142
295 283
219 58
245 81
465 102
489 480
448 45
480 332
422 170
228 206
457 23
311 235
437 405
324 8
347 67
377 132
224 145
165 109
457 179
317 56
481 12
483 391
330 196
389 146
169 15
356 37
288 109
401 6
312 246
332 105
483 72
234 225
317 170
381 171
237 3
458 287
113 36
386 102
346 71
124 86
226 142
146 55
497 281
390 304
461 22
261 247
254 110
263 119
413 382
390 28
191 133
156 20
379 298
375 370
179 151
492 425
312 304
215 153
245 103
242 165
272 71
340 207
403 69
408 392
194 142
446 55
394 112
410 19
281 238
30 16
488 233
343 210
328 65
388 288
406 47
132 46
37 12
462 245
314 127
495 445
226 219
250 180
372 348
321 220
372 20
61 56
113 111
108 78
484 2
297 191
41 3
355 246
490 213
461 192
204 140
417 34
257 117
499 430
200 139
77 27
162 65
358 167
293 269
355 108
324 173
417 272
397 322
129 1
300 220
422 394
448 246
275 106
498 157
231 192
447 389
351 127
290 110
406 336
457 267
98 91
455 119
358 310
458 207
284 70
181 50
144 1
264 120
148 61
195 160
351 275
100 37
360 53
358 27
185 86
366 102
334 214
289 68
105 65
341 202
450 88
39 31
309 214
471 245
205 169
179 2
311 165
485 68
293 273
240 193
315 269
363 100
273 225
343 278
229 173
192 41
163 117
331 156
408 292
499 182
432 47
251 130
420 391
249 155
257 222
440 313
224 47
258 213
330 180
280 59
199 178
355 13
443 55
333 122
252 155
241 108
437 403
466 1
454 370
321 88
493 56
497 77
404 387
143 49
436 431
430 196
313 102
444 408
268 17
155 108
350 12
470 289
463 288
497 448
486 253
443 399
395 131
396 149
335 181
473 241
432 325
435 395
276 259
465 37
282 239
237 134
215 72
323 70
136 65
309 24
271 106
357 184
286 142
331 74
493 26
128 88
253 65
167 27
335 143
178 147
211 126
438 258
152 95
455 209
304 168
320 316
210 8
307 44
210 190
399 290
370 102
361 234
485 153
267 87
274 167
452 246
418 417
242 22
495 86
179 43
370 355
212 44
40 15
46 20
305 238
455 14
283 151
273 240
241 63
305 244
289 12
345 16
487 225
117 47
339 203
358 291
309 227
462 174
253 190
394 33
166 65
378 31
374 82
469 173
379 53
151 124
421 370
320 299
165 131
315 37
486 304
396 61
398 354
240 173
264 121
173 165
295 6
422 392
220 138
459 205
386 88
417 130
477 113
298 16
495 450
411 186
356 106
334 50
404 379
38 7
341 52
457 97
473 49
311 175
435 101
169 131
230 169
254 164
279 235
376 291
475 294
264 216
253 63
188 20
191 109
472 71
322 228
205 194
412 327
248 121
437 347
212 8
338 281
466 327
130 112
341 269
408 29
399 310
308 121
301 295
426 309
451 267
369 25
261 97
435 278
278 80
366 363
91 33
498 414
457 36
20 9
428 357
481 277
253 19
259 217
470 45
481 285
438 430
463 299
306 173
168 54
295 248
258 50
233 105
471 73
472 50
408 215
442 79
336 56
206 74
347 234
305 49
114 64
245 76
398 199
312 28
460 268
371 103
490 127
197 52
421 259
284 39
149 133
236 223
490 191
454 221
116 100
398 167
376 246
62 1
376 80
12 9
227 40
96 47
458 438
468 238
339 214
405 347
373 108
484 80
359 281
229 52
395 348
242 143
233 198
420 38
430 106
234 175
419 120
336 273
183 4
161 70
363 242
298 81
270 213
355 214
99 96
473 469
478 473
390 106
374 351
388 37
493 345
146 95
469 4
348 178
453 112
399 17
296 292
465 449
300 2
500 226
321 121
348 200
223 30
441 103
305 143
324 219
160 90
458 370
182 93
484 170
273 183
421 332
495 395
294 109
492 14
388 233
444 54
314 156
440 192
406 60
341 155
383 56
455 67
430 365
269 245
404 95
193 175
396 110
331 168
223 95
230 198
289 33
336 234
324 233
74 71
475 120
376 134
269 187
424 46
406 314
492 433
416 316
260 237
290 234
437 335
434 171
333 136
136 84
478 16
141 95
329 285
303 197
122 80
252 36
425 166
455 198
128 90
474 303
384 96
232 227
420 388
203 90
432 157
354 226
467 259
177 104
48 9
271 114
234 152
292 2
234 57
453 134
89 72
126 57
305 211
317 53
430 45
315 30
272 148
207 40
459 291
176 100
23 16
241 175
495 284
230 33
179 105
432 220
199 145
466 420
158 94
444 172
222 32
500 62
291 165
492 212
298 75
461 437
270 236
436 313
190 12
496 23
473 275
33 5
347 233
428 372
473 166
489 190
202 135
310 213
385 105
240 219
243 112
260 122
386 92
466 198
242 136
261 206
446 297
432 394
431 126
465 4
219 125
388 243
261 101
116 43
226 57
95 46
475 403
386 85
283 260
138 37
293 12
471 72
66 54
108 34
304 69
317 232
154 75
494 348
84 6
195 107
340 283
308 60
432 153
491 457
404 202
434 411
22 5
356 188
487 456
336 24
341 68
41 24
215 99
471 364
361 328
392 101
155 59
218 190
410 282
281 21
413 379
418 390
272 185
272 92
164 49
405 132
385 108
183 11
383 67
313 297
58 13
324 308
277 124
284 210
395 221
387 61
167 93
58 2
158 27
59 43
304 230
362 17
138 2
120 61
145 30
403 53
400 229
174 23
403 267
345 222
265 99
334 55
262 121
450 159
138 13
337 84
329 140
491 429
441 134
411 246
88 54
500 49
284 148
181 129
399 84
363 80
294 73
446 229
144 50
411 326
280 55
285 149
334 97
424 48
488 427
491 46
419 416
355 27
408 367
293 260
200 78
189 12
449 270
408 231
402 334
173 44
426 171
194 178
356 1
455 266
140 27
482 128
233 26
494 151
317 300
480 360
500 328
187 10
413 2
335 199
428 168
171 167
373 301
371 94
162 161
443 90
345 201
242 25
71 4
453 241
20 6
450 238
303 94
289 225
437 286
218 141
487 287
397 316
102 59
471 9
491 424
402 252
129 89
283 190
348 327
412 7
241 229
447 434
171 63
305 15
208 118
484 188
192 99
337 107
373 183
219 150
356 152
278 246
47 37
273 126
454 14
495 466
106 53
362 120
113 14
419 52
346 72
474 457
294 221
450 22
490 228
359 146
398 214
279 25
305 267
417 66
339 109
466 381
389 31
449 138
371 41
189 13
432 250
258 253
363 244
477 137
473 211
187 174
409 203
230 130
394 123
317 269
394 373
382 33
328 265
170 53
244 211
456 403
427 394
346 177
159 69
423 148
309 135
108 25
209 146
405 214
120 106
316 269
195 139
458 108
479 209
114 111
416 114
184 38
346 205
309 266
157 137
413 280
400 363
382 294
23 2
325 221
403 333
498 237
71 51
153 33
186 169
206 28
356 148
297 35
401 303
443 294
236 228
75 30
269 53
359 29
497 168
419 198
410 406
362 359
352 95
314 23
386 115
336 4
249 139
251 208
363 21
445 263
261 242
275 28
334 230
472 54
462 300
348 264
224 179
356 11
172 160
296 211
438 284
274 208
250 151
482 351
39 29
362 299
234 28
428 103
390 219
437 369
218 145
321 35
479 139
46 7
478 8
425 303
451 80
243 118
403 152
283 175
450 310
479 355
491 376
375 368
450 183
318 75
492 480
364 192
204 113
324 44
432 166
355 132
442 382
141 74
157 39
455 144
490 89
268 254
434 94
102 21
197 37
427 121
109 3
348 201
276 185
446 252
336 163
441 112
465 192
337 31
295 134
176 7
440 125
414 333
377 237
290 49
203 93
201 61
330 2
497 457
474 325
409 26
491 12
339 42
496 10
489 234
110 58
143 111
253 74
449 342
367 212
304 225
371 200
139 86
264 129
42 26
227 30
344 130
294 190
355 276
458 128
498 372
467 244
207 129
226 105
88 26
237 173
474 254
305 43
425 78
327 225
426 48
460 178
172 29
279 269
416 23
457 440
284 75
421 86
159 88
494 77
186 4
77 50
245 153
305 46
224 199
358 10
359 309
476 52
171 12
332 272
24 15
310 235
358 61
449 154
365 289
206 91
401 365
462 252
432 3
418 83
389 209
405 70
342 33
456 298
432 318
442 138
133 33
214 125
33 19
274 186
337 196
487 384
162 57
340 149
485 206
410 266
301 186
60 53
401 374
195 103
420 109
377 215
432 133
481 212
320 50
199 126
257 96
370 100
344 306
193 128
350 115
185 78
327 278
171 75
189 78
489 463
453 360
370 333
370 242
451 158
371 39
384 99
275 15
362 285
396 300
347 44
461 459
398 293
324 108
439 254
196 182
119 109
181 146
109 35
454 22
260 144
450 442
398 154
369 234
448 230
192 161
462 126
370 358
400 10
406 36
151 23
374 9
295 38
479 48
291 177
457 384
447 73
272 229
479 477
279 85
209 118
477 51
417 294
341 49
471 211
384 364
475 331
440 207
413 46
396 381
406 40
460 117
373 335
278 135
436 45
279 55
248 73
170 112
284 149
415 334
211 53
103 75
352 294
468 224
390 206
337 274
250 196
105 7
340 3
232 64
289 283
399 123
374 169
454 300
462 114
380 182
500 483
380 21
326 105
288 240
389 198
389 271
205 154
424 339
367 247
424 13
460 173
419 79
234 48
497 245
299 259
276 72
163 113
386 180
137 54
143 79
240 58
252 76
274 238
319 7
395 159
298 201
470 437
321 80
243 132
403 122
492 221
494 200
423 360
284 83
220 68
490 236
335 202
458 326
325 172
257 151
437 217
409 4
406 124
138 22
8 4
263 20
489 9
487 40
264 199
348 17
235 138
13 9
183 124
192 129
466 417
327 182
288 264
397 284
481 473
462 255
290 74
417 73
417 226
293 270
88 45
343 213
492 74
285 65
276 40
432 347
491 219
272 5
228 220
394 236
120 6
220 140
350 166
463 345
425 7
331 202
132 82
474 102
211 56
308 171
312 34
335 330
429 125
136 63
474 25
302 24
251 19
461 284
398 57
249 246
280 120
115 46
465 166
269 249
479 33
162 156
492 108
367 6
106 96
220 165
492 72
148 137
362 43
107 76
452 307
289 94
325 53
477 425
450 211
491 137
483 348
229 12
397 26
36 22
302 196
328 8
92 9
216 55
395 249
200 169
490 124
392 255
132 114
464 229
228 176
240 46
101 66
458 168
335 297
417 383
174 55
200 53
481 381
281 226
399 235
414 55
359 113
138 40
423 107
438 255
320 56
372 330
195 59
409 305
464 178
466 19
424 80
169 133
163 98
112 74
300 111
465 456
467 34
116 6
462 306
236 88
289 124
161 76
204 65
285 234
91 58
326 303
354 7
417 178
373 32
255 64
337 151
433 398
483 127
409 357
352 347
487 339
340 119
448 333
488 117
311 17
490 318
481 27
391 27
92 89
499 52
87 4
419 76
388 127
372 122
359 136
497 88
337 37
416 126
423 290
137 28
407 88
285 63
173 32
474 306
409 277
162 86
186 46
82 39
499 54
311 162
303 136
484 414
345 141
320 14
372 279
188 97
373 44
52 26
194 114
381 328
392 211
324 140
406 242
282 241
128 51
87 77
338 212
78 3
337 202
473 277
300 252
288 207
132 12
471 158
66 5
382 242
389 322
399 195
195 171
446 437
349 36
221 84
341 117
319 33
205 156
241 149
189 56
226 129
181 122
119 44
213 31
414 322
48 16
478 205
237 63
120 72
449 157
414 249
332 273
282 229
176 44
443 393
472 106
300 132
406 352
205 69
286 268
141 17
466 389
328 279
375 67
439 258
424 195
352 134
328 326
386 199
478 209
118 26
416 12
468 34
126 68
432 185
114 80
295 245
480 100
338 162
324 259
143 107
300 222
402 177
283 214
173 166
429 35
147 54
212 41
266 31
386 205
470 177
265 204
453 452
394 158
496 172
472 448
410 385
364 24
414 22
197 77
500 214
199 187
186 173
464 186
301 131
246 120
73 10
472 52
340 89
316 46
101 31
229 108
482 185
426 141
443 44
404 297
479 205
481 470
337 118
230 73
492 158
202 147
288 136
402 346
363 3
466 286
475 430
453 295
349 241
435 221
320 143
162 141
361 338
254 111
252 171
301 125
150 120
304 96
202 25
452 98
386 53
336 230
318 174
246 169
214 56
102 22
462 223
492 191
147 44
305 168
35 14
444 319
499 464
147 96
422 354
259 94
169 77
393 339
268 249
478 57
263 238
176 141
129 59
455 398
416 397
399 397
461 372
459 145
432 356
493 402
343 318
467 459
214 157
211 81
215 179
364 191
68 57
294 206
400 241
134 92
179 39
377 204
151 131
372 45
223 217
305 58
319 261
22 11
218 89
368 46
260 119
437 59
491 130
131 68
45 9
205 15
453 340
396 47
421 20
297 15
390 201
314 310
113 45
162 27
384 320
108 36
431 122
485 178
175 86
500 260
313 1
399 33
450 216
298 238
248 242
75 42
212 73
239 159
345 166
406 269
285 229
409 369
227 41
422 216
491 347
81 26
395 30
449 383
228 225
465 119
275 89
158 144
370 76
285 54
178 38
454 40
284 223
309 198
208 147
317 180
159 132
405 243
140 110
285 209
274 175
413 322
295 215
479 284
457 79
207 194
432 4
116 70
331 288
181 1
326 321
321 22
462 387
258 30
194 54
373 316
417 106
362 45
370 235
388 270
349 2
228 56
406 226
400 334
233 58
411 159
360 316
326 60
270 150
320 169
473 338
332 260
472 81
108 66
374 318
244 60
333 147
362 194
408 309
409 122
482 81
225 13
392 336
459 344
302 207
429 211
362 339
368 25
327 46
411 323
154 36
360 35
279 238
339 66
450 104
443 320
281 135
163 35
445 322
138 12
253 21
90 26
242 80
453 193
461 54
332 214
261 204
269 75
485 367
381 248
290 64
273 258
432 148
430 10
496 129
305 87
335 191
418 233
425 302
493 184
138 120
179 75
142 129
425 95
315 267
274 62
449 90
443 212
298 10
303 286
252 216
170 114
422 146
499 215
190 130
414 101
376 259
153 6
133 40
277 257
93 68
432 282
154 8
471 122
477 331
398 125
487 17
465 330
250 106
480 231
309 196
114 76
498 235
348 138
386 5
170 13
433 315
440 155
140 89
311 56
426 6
311 112
296 13
388 312
488 471
273 190
462 332
479 160
486 461
398 47
380 229
460 1
484 276
457 196
133 64
359 248
441 215
319 24
441 43
240 150
489 2
460 297
401 61
276 101
382 43
451 210
434 374
345 127
367 174
498 432
233 82
282 245
370 57
230 136
237 88
255 215
443 427
146 52
197 145
316 107
202 142
460 392
353 72
486 237
339 90
398 183
461 27
110 49
438 301
425 24
226 58
52 44
491 386
495 369
467 3
142 136
222 164
185 5
380 180
361 210
150 69
474 193
109 82
28 19
494 98
428 312
312 200
461 143
289 287
383 349
490 183
345 6
445 4
108 60
292 142
400 263
197 44
408 71
367 282
220 90
401 346
229 26
492 138
403 264
412 369
353 106
357 216
171 138
472 293
323 171
233 120
182 12
231 30
274 22
117 88
195 82
466 91
290 88
481 397
355 187
450 262
392 232
392 54
362 273
154 139
459 131
466 273
427 9
394 136
425 254
461 355
323 294
104 46
307 108
425 190
51 49
292 204
259 190
244 43
405 248
164 118
225 175
227 97
187 97
323 218
105 28
296 126
325 186
433 275
150 110
408 349
421 172
221 210
494 378
433 3
246 45
384 235
472 10
251 120
468 120
320 271
441 124
319 191
499 252
262 140
237 131
430 263
229 120
254 203
492 421
145 118
290 270
400 388
330 98
224 16
377 150
497 53
331 5
426 175
351 125
198 194
387 177
338 147
326 259
387 305
380 206
303 46
231 55
361 35
384 135
189 87
268 174
308 19
408 78
181 42
355 58
361 97
487 6
456 406
423 152
281 126
404 120
212 52
473 53
179 99
343 30
458 303
248 143
385 24
403 357
136 75
466 366
241 157
97 3
372 84
210 71
464 90
441 35
370 184
363 299
479 135
415 318
279 75
252 66
313 215
179 120
261 229
391 48
301 17
459 81
177 45
306 37
453 137
246 100
498 127
371 90
413 370
495 343
486 334
363 200
273 268
359 336
320 78
122 59
478 50
304 252
137 118
165 87
337 261
348 219
346 285
108 83
384 66
133 52
484 420
337 126
351 278
353 14
138 75
349 326
222 92
408 391
275 216
265 86
364 174
397 119
446 331
409 164
404 75
387 350
487 471
287 61
288 161
491 153
121 33
221 119
290 274
273 123
214 71
402 115
114 62
270 124
124 75
399 106
446 52
160 91
319 276
432 409
194 60
383 252
347 307
278 197
499 412
393 39
366 162
208 47
294 42
396 10
487 227
388 40
497 206
229 94
365 171
456 346
434 78
261 75
301 224
406 178
462 160
492 335
189 148
474 123
362 216
257 45
378 368
264 127
224 185
254 12
198 182
246 125
239 71
392 214
486 200
459 212
111 19
245 209
252 110
423 109
468 15
139 131
333 188
214 210
127 38
153 126
255 232
95 62
196 192
355 151
121 28
380 96
103 90
284 65
377 219
436 148
360 72
366 310
361 124
244 195
468 261
72 30
347 213
439 119
274 20
358 338
460 341
407 346
413 344
478 64
495 223
429 47
279 170
344 119
272 216
457 280
361 104
295 282
284 127
174 161
247 230
340 71
316 165
267 265
322 265
443 401
207 113
143 50
233 56
428 359
381 166
379 367
400 278
402 338
404 235
150 121
167 121
150 124
256 47
468 98
423 381
462 320
473 406
268 175
422 358
174 84
399 350
128 42
101 13
267 215
284 122
307 90
463 49
308 42
421 420
437 229
412 386
459 203
206 199
338 280
187 76
112 10
298 236
436 91
454 198
409 157
89 52
264 165
413 306
427 101
368 217
254 37
414 32
326 285
314 42
402 226
353 166
370 227
203 63
225 215
438 117
474 288
309 136
462 139
211 121
429 182
244 131
492 7
348 16
128 52
430 259
359 81
378 16
393 390
237 204
214 133
182 138
278 12
363 223
398 158
239 45
469 236
363 94
409 90
362 121
267 226
197 99
321 173
292 147
294 29
426 412
329 20
201 11
168 18
352 185
252 156
323 300
437 38
438 191
245 75
478 269
187 113
204 81
486 124
399 151
258 70
242 173
384 233
194 116
397 173
410 53
79 25
452 88
492 378
273 84
494 238
478 470
318 45
91 45
484 393
343 276
359 57
324 115
412 298
463 352
111 89
457 415
418 139
406 151
161 107
436 318
213 144
484 467
458 393
183 119
304 70
285 30
483 97
388 43
313 226
465 279
401 305
119 102
152 32
308 161
254 222
176 102
420 324
471 248
126 35
275 241
419 162
300 32
102 27
221 196
275 23
318 169
363 157
485 280
436 254
283 266
495 302
389 161
484 437
333 226
336 331
217 103
436 32
265 102
327 174
493 170
417 346
246 102
413 258
368 363
255 125
303 300
497 210
278 180
499 7
340 281
231 6
451 449
402 234
383 222
207 32
371 299
453 375
419 4
187 160
463 314
222 35
293 289
418 344
261 236
135 4
386 65
285 196
391 130
286 101
209 168
486 319
326 87
228 203
411 138
500 137
458 228
484 447
344 22
163 159
239 66
383 331
136 6
404 342
355 48
493 77
456 389
370 72
401 105
410 197
489 421
389 8
328 121
488 188
218 106
464 177
133 4
114 22
360 99
243 184
409 380
321 316
92 35
407 104
180 91
455 421
440 23
121 16
499 136
208 43
451 135
403 223
258 250
368 192
259 56
413 220
332 162
452 444
367 270
341 138
240 111
239 14
412 93
421 130
403 258
209 106
381 128
340 331
34 28
394 61
100 96
262 192
362 275
280 201
462 186
325 321
176 140
189 134
266 264
384 133
428 192
244 59
459 23
134 126
352 229
180 110
213 155
272 155
378 28
110 30
422 195
390 169
471 208
314 297
136 98
368 146
370 143
158 103
333 212
454 112
477 22
219 95
423 329
169 132
350 250
332 322
151 19
474 386
477 467
364 204
451 193
424 390
438 116
398 195
73 42
451 167
231 113
280 34
487 187
143 14
152 109
162 38
397 163
327 125
130 32
325 301
336 17
241 100
331 131
338 143
462 397
477 263
384 341
396 101
352 239
429 310
204 169
383 219
411 91
475 160
123 120
217 11
467 381
449 144
105 80
393 201
386 342
301 58
339 213
51 21
349 123
306 117
471 335
354 209
298 31
201 38
434 283
351 345
243 126
454 325
201 83
137 102
394 65
196 66
381 8
381 36
384 86
282 130
453 123
159 61
180 20
291 66
391 124
116 80
167 101
259 158
329 302
479 476
459 347
104 100
298 128
445 282
217 18
465 88
488 183
51 38
71 17
241 234
495 73
350 304
495 256
352 189
233 167
141 31
426 163
491 33
415 377
194 43
282 107
437 211
197 108
252 221
313 96
286 102
423 206
394 119
361 125
191 116
140 120
159 106
365 349
208 125
464 255
85 7
404 393
119 37
152 66
333 31
374 173
304 241
257 120
473 274
305 70
170 161
315 207
319 138
405 365
402 224
367 205
249 108
416 359
444 357
281 194
317 66
452 255
339 76
332 59
311 97
407 198
483 154
484 422
320 110
405 352
32 24
424 120
389 312
128 66
316 313
379 23
209 18
432 387
285 233
186 67
492 353
217 15
389 211
193 147
384 219
161 123
416 186
124 72
468 170
308 285
323 36
371 79
431 72
211 31
413 135
373 233
26 25
480 80
431 34
481 114
338 142
395 40
244 203
178 100
456 202
460 225
170 5
499 164
469 51
307 120
244 213
300 145
99 91
283 34
71 12
285 205
321 319
415 336
301 181
200 142
469 285
79 40
485 132
287 103
270 90
185 93
472 73
447 169
456 442
272 6
282 231
261 58
388 21
460 279
119 66
267 255
307 300
165 93
154 85
398 143
148 118
361 146
483 13
361 348
239 46
430 191
326 222
348 89
447 369
464 347
211 84
285 245
457 226
367 112
258 151
400 197
238 228
422 367
437 33
350 155
151 147
447 200
425 127
238 13
425 306
210 29
285 32
439 24
218 208
451 2
362 210
335 117
384 78
414 374
494 268
332 42
301 130
437 85
219 90
269 118
470 278
286 97
487 174
180 82
394 253
43 42
60 14
216 6
370 356
250 39
462 344
427 324
327 14
371 270
436 236
358 308
207 83
253 95
413 174
418 173
126 84
380 199
197 151
403 280
305 170
414 365
248 122
470 381
411 77
119 64
330 137
238 5
142 111
371 61
320 5
319 57
499 312
248 205
278 90
253 199
459 181
473 380
358 41
458 359
235 122
101 85
486 162
348 217
407 168
454 118
280 193
398 135
344 109
442 424
378 86
438 61
485 194
382 163
369 117
352 281
45 11
386 145
469 1
239 171
246 104
276 217
110 32
460 226
219 194
494 20
190 35
272 262
433 92
427 223
430 117
207 145
344 42
403 186
391 364
85 2
242 227
409 102
129 84
262 194
305 178
129 3
271 207
331 23
363 237
226 102
470 99
414 164
476 412
500 168
381 210
286 160
486 178
358 36
128 103
495 140
337 325
496 181
90 51
443 314
276 160
350 189
332 274
476 366
371 265
478 36
175 49
486 390
154 115
183 116
227 194
335 113
499 100
340 242
472 27
294 166
329 105
317 228
335 237
352 56
79 63
211 192
377 65
352 102
417 363
253 105
445 311
474 173
477 87
420 20
459 17
480 291
413 143
325 215
255 188
313 18
299 205
379 149
373 116
457 324
227 95
257 98
283 69
167 145
64 37
437 238
204 108
133 58
349 301
381 256
217 89
446 389
438 392
192 190
253 94
413 70
315 172
348 87
456 78
119 62
398 383
322 51
160 35
264 1
334 139
462 337
374 243
117 8
479 146
374 285
438 67
419 292
441 240
187 126
424 172
406 152
463 452
421 300
379 214
184 44
498 56
74 65
93 52
395 356
351 228
409 232
475 186
225 201
403 126
362 356
480 459
170 103
70 25
356 220
184 154
500 244
363 169
326 76
301 79
491 65
314 107
450 364
378 257
310 168
194 124
329 316
307 290
98 33
218 3
225 182
445 301
367 283
388 239
261 188
383 13
461 274
382 9
464 139
477 66
260 52
470 367
425 337
187 156
408 3
206 169
369 225
451 55
488 28
490 484
251 97
222 50
384 304
379 213
453 135
332 248
179 119
106 39
488 337
331 313
331 222
327 85
285 118
308 152
455 150
498 113
338 261
364 10
376 361
203 15
428 206
258 256
467 221
464 30
494 311
441 440
357 29
476 409
410 275
313 156
286 74
309 142
491 115
205 30
359 282
446 207
423 383
169 134
464 440
64 3
346 150
422 373
447 92
268 82
471 282
351 165
206 71
388 219
471 290
268 149
333 165
218 191
100 3
444 93
500 190
457 290
415 371
312 279
149 132
71 6
457 425
341 36
295 206
173 59
462 353
350 296
497 92
197 107
238 146
456 396
400 369
236 89
301 165
480 469
336 277
359 83
111 39
212 89
384 69
230 116
236 77
470 170
447 202
474 209
138 79
256 60
395 289
90 13
205 97
390 308
313 182
476 286
418 8
243 76
228 171
338 132
479 335
376 133
288 204
245 38
418 11
482 320
264 156
32 25
425 151
151 137
111 8
487 252
170 45
159 145
448 339
348 265
124 16
153 97
297 22
448 3
371 209
204 70
390 350
174 128
254 24
296 202
478 251
147 85
333 322
75 50
338 196
360 352
367 295
195 158
291 197
485 138
379 216
430 237
437 168
459 394
203 199
288 86
344 66
395 26
176 73
132 83
441 207
373 342
270 154
431 317
280 260
452 154
425 187
471 135
335 213
336 154
283 258
430 262
427 228
443 135
180 87
321 197
387 110
431 369
352 84
99 62
369 1
484 213
315 151
264 48
289 126
500 443
369 12
197 22
466 342
497 41
257 240
77 35
470 398
483 475
152 22
315 138
331 176
131 7
498 377
425 223
350 318
407 153
355 78
434 409
491 32
489 64
447 206
276 130
283 28
441 45
439 326
287 129
202 37
404 154
58 47
416 391
117 11
335 211
411 1
175 174
443 47
408 80
169 103
245 36
246 208
477 88
422 363
397 369
382 45
299 181
403 383
151 81
16 2
462 75
295 278
57 29
388 238
475 199
160 39
390 214
106 61
294 181
82 11
89 58
434 293
470 219
247 150
213 29
462 367
231 136
481 395
364 65
306 252
132 41
244 105
450 229
427 55
401 358
181 172
248 182
368 74
318 300
209 198
189 75
97 70
296 286
498 44
456 413
234 221
380 147
201 136
344 160
256 98
430 70
462 258
430 350
204 29
280 90
196 20
430 384
444 62
331 258
231 92
459 392
330 158
311 196
435 44
326 86
116 12
377 90
113 108
483 82
250 162
317 274
88 69
243 61
298 155
453 321
431 151
393 333
438 238
487 34
334 215
180 49
301 20
487 144
296 187
286 245
453 312
101 35
409 348
406 208
466 239
472 167
450 410
358 34
243 1
300 227
288 77
375 116
389 343
392 108
307 279
458 248
229 188
437 2
262 141
267 220
417 299
229 167
156 11
446 12
86 25
334 13
144 89
157 91
348 222
233 4
417 53
450 273
497 424
342 201
496 71
286 161
162 32
298 268
280 190
417 371
200 170
486 240
374 283
484 288
459 101
496 415
255 42
421 177
316 1
194 108
425 331
362 152
471 264
364 78
455 9
496 437
287 218
492 109
333 229
290 269
336 49
444 159
144 81
303 88
412 141
450 245
337 144
452 224
395 94
412 128
373 111
443 14
313 33
382 297
261 30
175 97
293 102
363 338
149 4
124 25
230 84
401 41
244 156
327 15
497 329
159 114
468 354
480 285
410 148
228 200
131 25
436 55
267 73
62 35
472 112
185 118
183 105
308 235
356 291
63 55
142 125
289 245
393 102
358 232
489 416
225 193
412 180
328 261
275 44
258 12
165 141
457 41
492 306
152 12
371 215
490 342
278 8
246 164
443 242
207 195
139 114
166 140
111 51
280 262
142 95
485 426
102 54
394 26
172 130
125 38
382 35
459 191
335 129
321 200
387 314
229 42
451 93
385 131
287 38
378 212
107 54
495 269
47 1
191 10
471 102
302 144
466 174
431 166
444 362
495 55
223 81
454 178
451 268
357 274
353 223
272 166
268 163
314 202
190 49
385 31
350 20
249 128
362 281
351 219
263 67
467 102
71 61
411 152
464 297
480 209
491 190
273 213
398 222
157 132
484 173
487 396
465 171
297 172
414 384
289 42
246 108
207 8
262 104
82 71
490 22
458 259
444 134
295 169
263 130
76 75
427 207
304 104
417 124
409 374
461 224
302 243
256 176
197 65
362 13
494 26
312 228
263 65
428 209
262 101
349 105
394 29
246 79
205 178
384 60
123 93
272 131
388 336
452 435
282 237
292 158
479 194
308 234
466 28
300 112
429 314
497 415
393 347
196 77
82 43
201 174
282 250
375 158
113 38
331 63
265 107
463 317
140 114
163 6
171 70
96 62
349 281
245 23
358 162
309 26
352 261
449 62
407 375
396 267
253 23
406 116
168 82
203 143
412 329
433 133
192 89
424 191
330 110
284 23
447 198
200 98
304 110
470 366
135 122
362 352
217 104
496 59
336 227
317 178
242 45
266 178
467 179
160 68
247 49
150 149
470 344
147 92
305 123
395 186
133 62
381 238
130 111
345 151
383 100
381 196
392 6
411 136
240 144
359 141
294 158
238 136
191 173
330 329
317 209
177 150
335 232
450 66
458 48
425 23
349 192
442 94
398 133
429 426
228 34
316 61
221 72
254 181
472 346
166 124
266 10
288 238
419 150
233 85
83 50
467 63
460 395
236 199
384 241
211 187
154 105
257 99
430 143
202 42
371 277
106 52
175 152
341 38
446 5
231 228
226 61
332 320
491 204
174 80
394 369
258 170
228 32
481 152
318 119
467 446
256 225
166 90
387 216
287 225
496 203
491 216
387 203
137 30
387 183
209 189
459 228
343 77
385 320
279 42
213 141
419 19
499 144
484 421
217 176
444 250
193 32
494 482
461 421
492 270
373 347
431 403
410 273
102 76
245 104
414 124
454 41
223 62
421 216
223 173
357 296
191 140
404 162
427 119
299 188
442 145
381 151
375 228
343 183
132 11
415 234
241 156
406 149
147 24
433 103
146 22
352 206
130 103
256 184
491 265
428 358
382 307
208 24
19 4
436 131
488 329
400 245
178 139
326 312
405 230
465 400
264 162
373 217
371 338
327 316
328 254
237 44
371 146
228 40
435 427
403 196
452 128
395 73
434 49
295 226
276 79
457 345
417 12
307 237
412 344
388 175
271 14
331 103
176 26
348 283
279 236
346 332
279 82
324 309
225 132
379 37
373 154
425 104
301 246
450 142
472 264
391 99
473 306
289 110
116 53
212 142
387 357
475 394
396 353
209 62
352 80
361 187
239 186
348 101
299 41
387 361
438 429
346 48
423 267
62 15
61 36
203 107
306 4
326 133
56 36
461 123
377 108
287 122
317 52
357 71
179 60
380 14
208 42
315 192
318 177
488 381
421 202
499 48
250 132
97 86
364 237
434 190
435 150
453 226
356 232
355 177
51 44
246 154
430 236
433 309
260 236
439 148
182 114
250 2
355 17
317 179
165 82
412 405
399 274
370 292
363 156
229 169
397 56
275 267
302 28
375 253
495 288
199 27
409 406
489 26
159 23
485 304
435 378
293 159
465 255
382 109
179 4
165 41
314 97
483 334
281 70
304 161
42 13
421 416
369 80
363 93
490 117
311 24
446 333
468 427
416 393
396 146
485 217
361 69
237 175
492 424
462 333
429 40
361 325
370 202
375 336
366 272
420 367
480 206
453 169
391 56
424 187
223 85
132 123
451 335
168 92
388 72
315 170
147 125
458 105
286 147
462 128
143 108
398 131
298 204
263 177
253 9
473 398
477 114
238 204
223 186
428 343
299 268
452 293
306 131
453 350
270 7
366 98
380 5
223 52
317 193
333 97
99 61
466 66
494 365
388 159
343 37
297 219
353 71
389 104
484 449
407 385
481 50
224 25
406 20
409 297
397 293
388 98
345 10
402 303
445 393
300 4
433 69
205 86
155 139
421 200
311 219
458 392
400 217
313 113
189 54
474 141
316 110
73 39
485 200
461 74
177 139
401 207
432 181
483 87
403 326
279 113
386 338
168 147
73 2
407 292
257 53
327 293
424 413
500 375
226 150
424 32
467 128
498 199
374 294
53 36
335 111
171 108
163 80
127 120
316 20
75 18
260 79
295 18
421 265
348 313
433 240
235 12
347 340
452 44
369 203
193 66
140 96
415 206
380 202
466 140
451 196
423 180
419 36
430 37
279 146
164 5
284 19
242 150
266 160
265 70
431 414
496 256
377 318
60 15
465 28
124 80
243 152
385 87
475 255
496 105
476 8
193 72
362 97
402 256
148 93
389 230
327 241
325 99
254 197
386 163
244 103
407 33
271 26
349 307
162 34
92 67
336 91
61 45
372 216
58 14
85 12
203 133
227 157
453 78
115 11
429 87
460 175
316 81
339 322
293 137
149 143
434 134
218 136
146 135
320 308
393 324
254 60
476 335
251 215
448 410
226 202
234 101
433 234
315 294
147 41
488 283
294 85
446 1
495 43
409 206
233 114
473 408
382 79
253 51
262 16
480 110
369 192
314 131
335 319
373 220
145 105
470 360
378 57
293 111
296 8
494 242
493 426
387 229
74 68
318 110
355 272
394 84
492 398
366 156
434 91
152 124
443 439
499 446
376 216
304 134
445 419
230 83
206 175
489 104
346 163
485 318
418 49
472 296
469 59
436 329
500 364
438 358
348 285
398 364
343 45
94 91
286 123
468 149
426 365
458 363
360 9
254 11
496 381
488 300
403 218
350 151
320 310
178 39
36 35
215 134
486 152
458 269
372 174
98 40
306 50
488 485
122 36
442 209
372 271
434 421
292 246
324 124
454 405
299 119
58 51
427 100
147 22
272 35
447 343
127 26
298 102
207 185
222 9
264 235
370 327
253 246
419 355
314 235
430 115
183 127
183 43
339 281
435 312
481 94
377 373
420 259
459 211
297 143
97 24
442 128
276 76
286 59
195 165
221 108
330 172
257 84
219 19
445 413
465 280
475 325
335 42
381 341
373 24
394 366
405 188
99 78
338 283
490 272
431 282
373 134
461 157
423 263
74 10
372 316
217 3
144 37
452 63
462 229
282 155
433 297
439 385
473 464
231 71
429 177
287 201
206 48
405 273
206 55
167 166
475 411
369 317
465 201
431 350
457 238
336 221
164 68
407 263
462 272
359 338
149 68
172 135
234 126
401 137
456 352
63 7
241 89
369 275
247 168
214 99
320 148
366 233
284 78
442 417
411 55
316 118
160 22
385 347
440 385
448 16
203 167
17 11
394 162
498 376
481 287
131 59
385 166
309 148
435 383
342 68
155 33
466 76
482 129
378 302
493 47
311 92
427 308
277 195
214 28
411 378
367 252
384 267
204 85
382 211
420 148
315 235
171 23
168 71
491 402
241 147
428 307
263 11
142 97
385 241
484 111
257 180
426 348
347 117
45 14
415 78
465 315
421 244
372 124
384 6
279 15
155 31
470 17
249 164
203 198
289 278
418 232
394 345
173 170
367 105
287 104
221 148
392 28
475 310
486 194
334 73
7 5
349 328
284 199
366 76
225 166
442 277
140 8
369 264
326 278
386 213
165 4
355 100
377 286
467 423
333 14
454 164
385 37
365 232
399 391
461 354
266 106
326 67
310 99
338 55
419 352
186 79
311 28
336 318
267 81
361 277
336 99
97 34
300 296
314 249
431 236
448 138
492 449
495 5
358 225
464 141
225 147
424 106
382 370
318 150
297 241
298 252
341 110
312 100
416 103
366 52
307 100
374 247
167 80
451 305
489 39
245 14
364 329
469 181
430 14
182 49
425 232
407 232
492 207
462 88
413 331
234 186
279 176
333 2
412 242
347 144
235 30
464 237
308 262
355 64
395 197
393 264
118 106
109 67
404 262
140 53
196 38
282 30
27 2
455 255
475 183
204 32
476 307
379 129
283 142
436 322
367 294
367 296
445 430
418 317
390 320
114 43
288 212
352 78
355 141
482 472
215 213
409 247
404 381
251 169
378 163
468 283
244 137
472 269
132 33
490 394
135 128
382 53
134 68
222 25
92 1
87 17
336 203
148 26
420 322
317 204
213 14
375 127
201 27
284 145
249 65
251 16
80 38
242 172
438 94
393 177
382 228
169 166
159 104
439 77
261 238
485 437
426 89
178 152
286 149
430 103
285 211
273 137
466 168
74 31
415 54
308 276
477 468
287 69
327 290
249 219
369 84
250 4
481 436
473 4
477 189
319 37
258 132
175 139
464 261
95 16
158 24
458 249
371 186
283 231
160 61
494 12
79 59
320 303
414 394
498 98
303 55
444 140
324 62
432 101
42 36
193 44
429 413
498 263
329 38
279 37
433 52
493 84
490 132
409 207
230 207
157 12
371 334
289 45
312 281
467 162
424 277
434 130
119 28
416 116
356 154
482 243
53 49
351 224
301 188
337 242
370 115
236 193
286 34
485 382
311 65
4 3
77 67
393 16
176 94
388 316
314 292
402 64
424 391
103 29
460 128
211 27
357 279
471 238
302 292
478 334
153 137
468 117
436 330
195 86
469 187
242 114
484 238
429 148
432 37
479 31
437 346
301 190
247 238
469 295
310 123
385 230
193 166
320 184
458 396
238 165
319 223
195 30
182 102
204 161
472 233
321 261
369 249
491 432
497 495
470 389
489 158
403 9
121 53
267 53
327 86
295 118
185 66
375 143
52 37
482 131
417 253
317 227
183 182
469 149
225 42
493 337
495 375
172 3
187 130
494 492
374 262
346 95
158 11
440 6
79 7
477 420
493 261
188 42
139 46
250 203
404 134
464 377
447 310
334 296
270 12
471 217
256 218
224 50
318 259
398 121
428 17
246 84
401 112
135 38
274 214
451 11
448 407
354 293
467 141
447 363
464 228
219 104
328 63
392 175
371 59
283 168
364 304
219 105
474 251
305 273
444 437
120 68
442 110
500 162
295 80
492 238
103 48
475 97
381 158
293 147
267 106
447 107
452 145
324 288
444 443
369 219
316 135
434 27
367 101
167 40
125 3
485 455
244 68
487 124
490 358
166 85
412 106
233 65
397 276
321 147
134 18
125 55
481 70
383 193
476 80
137 134
153 32
170 168
391 310
332 86
498 45
267 217
224 68
343 227
114 82
87 18
454 254
122 1
355 115
345 209
498 49
424 365
423 71
454 260
95 38
91 54
322 309
312 89
297 18
411 188
362 192
450 49
472 350
368 137
345 186
240 96
51 32
474 392
351 271
344 281
339 300
384 231
373 193
420 135
481 398
196 64
468 413
475 418
365 263
155 121
420 110
284 51
217 14
279 71
424 311
367 266
125 90
332 234
353 141
432 232
333 191
414 405
462 460
62 49
475 57
432 89
375 308
420 147
170 119
351 250
495 444
417 235
477 243
244 160
411 286
194 128
333 182
294 263
366 85
260 200
324 200
446 359
178 120
300 265
492 195
431 361
371 144
316 297
438 296
431 251
149 21
114 17
182 17
136 73
310 175
192 26
381 21
465 446
449 209
444 98
83 62
473 453
147 39
422 24
470 363
342 26
498 71
475 387
152 74
332 243
250 155
360 309
194 22
321 96
318 23
480 369
441 397
406 167
219 147
292 170
431 428
343 205
386 89
483 355
446 31
311 251
473 472
321 30
244 144
329 216
116 77
368 341
266 209
409 40
298 27
358 81
206 114
339 96
319 206
299 187
304 204
205 140
417 71
335 156
464 442
398 249
326 310
467 438
470 92
434 209
222 101
461 25
420 330
455 89
56 40
497 332
411 13
337 77
495 215
326 199
197 178
306 59
488 281
327 54
354 164
378 222
132 63
328 7
221 23
263 122
342 251
326 174
329 194
206 7
471 67
480 351
275 185
331 229
453 119
218 213
467 255
478 115
442 416
244 184
417 176
343 72
108 100
321 232
332 4
433 419
419 342
438 280
233 146
399 112
311 221
229 93
478 376
74 32
489 205
310 251
299 96
490 245
277 164
310 153
352 307
351 1
149 13
315 263
369 286
499 310
404 229
428 391
122 24
349 90
264 187
410 318
108 23
147 23
78 22
309 3
483 455
408 33
461 77
364 36
256 251
447 221
276 237
489 65
486 469
349 235
171 143
272 45
487 133
366 89
385 296
410 26
439 15
354 11
357 316
228 126
452 33
498 305
248 115
336 286
292 148
452 42
419 160
380 241
239 43
282 156
236 187
469 335
500 383
460 449
356 161
424 209
283 121
438 231
479 344
477 222
316 43
405 385
486 338
192 149
301 249
384 300
170 155
411 249
294 19
408 11
166 154
385 361
449 337
257 160
481 16
292 114
132 122
463 20
242 69
327 289
496 240
375 351
234 224
441 434
295 230
430 77
142 76
298 74
480 322
305 132
388 9
121 114
187 81
355 65
311 239
79 53
302 117
474 153
359 307
164 28
314 50
460 374
155 11
251 83
341 64
485 201
63 5
375 344
285 228
391 317
123 76
468 209
299 288
493 154
418 180
466 98
397 382
310 94
284 9
442 33
423 418
349 342
386 170
337 122
293 272
207 54
326 248
484 334
466 124
374 39
483 289
205 193
396 45
409 196
374 330
416 63
407 135
251 91
432 279
387 22
62 21
116 85
294 18
181 78
353 23
398 187
395 166
352 310
464 458
442 224
439 125
169 149
481 220
346 8
423 289
434 352
60 23
364 326
216 135
389 128
415 395
98 88
173 123
229 189
349 13
310 29
440 389
137 10
246 107
458 41
73 66
190 70
374 329
455 142
307 137
382 256
350 260
455 88
290 89
230 76
333 35
369 134
379 95
295 263
470 96
423 25
344 192
377 369
476 230
333 292
402 219
492 16
335 86
402 337
232 129
362 274
421 213
494 167
90 52
466 386
297 133
382 377
483 7
315 304
379 283
243 205
356 130
332 302
435 63
261 223
451 179
476 441
465 242
476 434
326 113
284 226
377 339
456 122
130 94
334 53
353 280
460 317
362 262
243 31
391 324
210 146
356 252
297 251
328 48
443 190
220 159
285 125
220 110
256 128
474 203
191 15
433 17
365 175
60 4
441 328
468 411
410 327
141 128
332 293
353 140
127 74
258 139
391 40
400 340
157 122
97 21
232 149
478 207
489 269
313 202
345 195
264 136
346 314
188 161
383 41
280 276
121 29
168 107
439 30
417 211
475 358
484 174
283 81
433 209
273 263
83 43
350 294
455 383
486 100
276 196
385 352
152 86
339 157
293 3
166 41
451 327
428 157
51 11
125 20
238 233
209 177
475 243
147 32
402 136
447 382
467 434
279 112
375 179
396 276
180 62
137 65
467 416
447 22
201 57
437 127
486 211
327 20
446 277
468 369
310 56
430 41
17 15
425 334
440 77
375 115
140 125
321 129
427 73
473 169
276 229
426 247
453 101
465 359
474 238
268 261
254 158
157 84
484 475
396 21
475 414
311 147
228 131
397 13
372 59
411 235
286 152
481 200
480 54
295 266
343 137
55 9
347 248
276 92
477 21
74 50
470 386
409 388
322 182
398 107
267 100
364 215
433 94
435 425
448 389
455 360
435 87
470 268
483 176
216 110
410 381
146 45
478 301
485 32
152 14
405 121
264 29
411 25
492 389
300 135
478 49
385 145
341 234
440 117
333 259
370 261
457 55
293 157
497 354
125 28
270 36
335 149
475 343
405 140
464 309
201 144
483 306
346 83
436 342
275 191
323 30
471 429
436 180
196 166
458 317
154 107
485 75
223 142
324 199
494 163
154 87
308 257
234 12
223 28
431 86
453 35
194 190
60 52
311 185
266 257
105 36
306 129
488 153
91 72
215 2
360 265
484 378
366 269
331 137
399 58
452 193
194 118
303 76
340 65
382 95
148 87
380 365
400 297
371 214
351 251
397 128
194 121
154 42
169 72
229 214
301 33
61 7
433 254
345 172
136 30
294 117
481 479
261 85
345 282
265 208
440 315
312 131
278 30
132 49
137 64
381 67
215 77
70 17
402 131
281 104
310 253
250 128
182 143
429 423
318 76
395 370
402 74
120 56
320 273
444 429
118 15
366 73
41 16
194 37
296 216
464 281
346 247
183 100
221 194
317 81
318 88
235 206
368 241
299 193
340 200
460 254
23 9
320 258
361 249
177 127
439 363
355 92
291 138
444 291
190 157
449 191
419 153
446 13
321 293
349 114
132 47
299 67
402 260
266 99
419 135
431 217
454 399
139 129
377 263
282 106
159 8
370 326
349 344
264 46
461 286
368 106
425 347
296 234
215 210
471 220
435 94
273 214
242 177
330 309
403 127
324 235
354 34
362 355
112 90
305 197
448 300
374 113
405 178
472 92
376 258
344 54
495 191
345 325
197 74
448 383
341 79
145 59
464 244
403 312
288 189
297 113
285 124
375 321
428 171
266 189
312 267
163 44
371 187
359 183
424 67
473 253
174 72
395 178
332 184
265 115
357 74
432 65
277 141
352 231
438 111
408 371
429 238
307 245
85 74
69 16
445 284
272 98
213 118
411 227
368 246
255 189
478 259
211 193
174 75
319 130
339 61
402 45
358 153
78 34
285 225
256 52
331 175
316 277
390 302
441 88
251 238
421 17
292 233
356 158
288 219
104 58
219 30
258 1
215 17
489 440
315 104
481 209
166 5
481 77
15 3
125 68
442 413
329 78
264 247
484 195
413 180
110 109
493 262
355 331
417 198
437 409
440 138
411 402
481 348
316 257
442 108
242 72
331 21
183 136
195 194
333 240
444 133
385 116
348 338
425 142
311 98
310 271
188 2
362 12
322 191
336 195
310 185
151 51
220 208
369 126
368 324
170 27
376 137
388 71
449 381
353 40
200 75
471 453
158 97
292 169
493 341
433 264
379 294
248 212
497 202
486 221
239 155
378 96
410 404
411 26
368 28
187 175
307 266
337 41
362 26
387 10
382 100
153 69
342 28
389 279
458 85
485 145
437 428
355 202
24 2
317 14
353 319
258 115
394 212
446 46
230 59
275 19
445 324
193 14
285 144
278 63
351 38
235 90
156 139
73 4
222 119
57 25
371 114
496 201
227 29
236 209
292 71
198 62
318 163
466 52
445 187
358 257
409 230
457 327
306 159
395 196
395 335
440 353
390 376
132 117
105 81
481 301
458 58
227 79
416 137
344 199
443 308
437 145
208 162
421 340
315 127
174 47
357 280
38 17
148 81
483 204
195 113
244 224
135 62
309 297
423 239
206 204
295 25
337 160
347 179
265 138
438 225
397 241
350 248
324 31
294 216
360 341
492 28
393 38
428 273
329 227
431 343
437 12
434 335
447 277
362 21
184 118
309 38
243 145
482 178
311 193
142 99
366 110
481 320
217 142
406 400
148 98
289 198
406 61
312 176
273 77
211 21
474 96
451 6
324 218
438 271
446 129
255 186
305 175
305 106
352 351
363 24
420 164
469 445
473 31
138 115
375 341
362 77
355 289
498 75
281 45
244 191
446 9
294 95
51 37
227 27
246 223
394 254
45 29
425 154
200 192
438 17
348 78
414 402
328 191
281 213
178 174
474 272
350 14
246 243
264 119
36 24
406 312
240 69
430 89
168 103
373 196
372 238
200 189
290 128
344 126
360 111
425 63
377 49
423 86
183 61
168 25
294 99
428 5
427 145
384 250
442 251
402 98
358 357
271 148
184 177
307 33
493 275
445 195
97 11
417 117
433 36
431 354
159 39
428 119
351 213
278 159
246 230
457 186
152 11
472 44
115 33
179 59
438 187
389 170
142 90
413 245
364 179
455 173
277 138
179 76
327 74
446 374
354 54
114 113
426 187
473 59
415 81
150 139
357 219
263 108
341 158
183 148
311 220
95 71
47 4
418 311
462 209
249 235
62 19
453 222
286 140
363 112
119 98
230 30
386 367
401 258
413 62
116 109
313 199
456 132
198 75
251 156
259 4
290 42
305 236
498 275
408 31
292 159
426 23
448 247
482 49
419 358
130 86
197 5
264 169
431 352
212 37
473 387
149 115
465 25
437 188
98 92
496 250
424 298
466 111
441 98
253 96
404 74
314 9
246 86
284 33
497 293
500 493
100 16
174 68
452 327
394 364
112 109
253 223
474 128
286 239
309 206
482 323
152 108
204 5
353 146
222 169
152 60
421 397
325 208
291 99
81 3
250 243
284 133
379 89
229 73
291 152
422 127
110 84
452 370
309 114
341 168
482 246
186 84
199 102
365 75
462 85
375 152
205 116
391 295
292 186
495 268
464 345
464 180
107 68
475 63
314 166
332 170
47 12
312 308
212 95
272 209
291 7
164 18
357 182
500 417
255 219
301 10
392 25
449 17
357 100
76 70
426 66
399 220
382 295
444 63
343 273
381 91
360 100
225 134
500 407
434 254
359 120
266 244
301 159
300 251
473 67
458 456
286 10
421 385
461 385
216 20
185 147
277 97
419 199
399 162
338 8
60 26
492 123
268 203
318 263
54 42
499 88
375 138
237 42
375 275
362 349
498 399
152 90
147 74
195 45
497 305
293 282
449 378
278 168
127 27
479 289
6 2
451 15
192 106
476 185
235 129
340 238
384 140
284 76
191 43
336 58
291 123
286 211
334 45
281 64
108 76
78 12
68 13
487 48
149 105
73 41
159 92
471 37
301 271
377 287
497 396
176 67
442 230
474 163
488 438
267 61
324 92
458 437
400 287
383 382
338 56
500 258
126 77
376 213
314 168
148 140
454 33
423 399
479 118
423 413
159 135
380 285
122 110
228 145
380 366
489 327
438 164
172 101
347 51
371 71
327 142
351 54
243 169
215 98
431 25
444 86
387 165
280 41
98 90
208 138
463 300
351 215
375 104
430 256
290 4
269 94
360 286
285 28
426 70
146 4
457 359
492 226
485 279
269 210
83 74
331 251
457 398
127 100
442 420
75 20
78 69
314 59
343 100
343 230
85 44
323 320
446 395
200 28
369 320
482 473
230 79
249 146
490 81
409 176
295 220
498 454
425 205
459 53
419 157
227 183
222 5
457 88
495 414
274 118
318 265
303 241
393 369
318 36
448 34
407 369
328 299
259 145
374 179
440 302
354 291
293 7
475 125
346 61
445 100
264 192
455 146
241 51
385 118
487 183
402 77
483 347
79 33
211 40
312 36
294 269
368 270
91 71
182 73
498 319
369 282
318 159
180 120
102 12
386 229
392 241
333 216
429 184
402 222
329 325
142 44
311 205
481 336
387 307
322 308
235 74
290 83
321 154
493 115
314 32
463 6
446 295
471 232
487 212
224 94
423 328
290 207
476 34
379 140
363 122
199 118
203 102
396 324
470 379
218 20
470 213
396 384
194 2
397 356
423 77
208 199
235 77
338 242
295 105
249 51
433 257
457 316
425 318
457 157
343 312
86 78
368 119
319 117
229 77
416 45
55 4
151 105
127 118
350 130
441 166
371 65
227 33
437 402
483 257
209 185
464 107
214 141
286 22
472 200
495 117
435 229
203 85
328 56
324 258
231 119
370 283
100 87
468 122
465 254
141 34
168 9
85 38
437 34
298 265
430 291
270 224
385 321
144 57
125 2
395 126
371 261
439 141
429 118
194 146
384 200
234 103
295 186
193 143
259 2
483 341
393 136
437 430
444 224
267 36
475 285
374 313
367 194
444 239
352 286
436 386
364 221
452 141
407 194
127 36
210 70
481 184
432 96
445 162
245 145
439 270
248 114
493 483
484 457
479 96
212 46
232 177
473 247
434 373
183 120
193 172
415 302
399 145
440 328
408 135
389 156
321 188
306 68
461 71
446 168
394 384
201 63
414 114
468 298
470 235
123 18
430 192
281 63
459 252
360 213
264 115
146 92
262 224
404 68
475 33
446 313
400 344
489 340
106 80
111 94
180 34
427 312
86 40
217 32
430 419
408 64
440 107
292 134
93 78
435 355
259 210
189 184
196 115
260 33
421 210
365 239
396 318
43 22
103 58
405 65
446 233
211 43
306 157
281 221
425 407
107 5
420 140
280 203
389 63
190 156
405 226
194 23
452 223
133 53
447 263
193 62
401 1
314 74
430 271
208 106
228 212
321 152
446 210
169 66
382 314
373 115
404 139
359 92
451 389
363 211
157 78
182 166
387 196
272 62
251 44
421 287
491 281
387 253
481 258
394 354
333 82
400 196
344 268
353 226
391 240
463 169
204 116
355 34
303 219
335 293
437 425
467 230
380 189
34 15
377 136
321 231
100 68
489 129
447 79
488 184
352 116
256 148
228 138
341 7
333 123
407 119
440 133
328 237
412 390
474 160
194 90
419 362
115 95
300 12
473 349
214 39
356 44
480 152
94 25
385 280
368 260
419 260
150 97
365 90
404 50
396 114
462 213
429 343
195 51
450 214
153 58
213 113
414 290
443 394
225 99
163 146
378 328
190 86
359 179
290 152
476 173
171 48
415 209
208 66
349 252
254 231
214 116
311 214
498 337
296 199
131 124
204 192
270 153
494 183
86 70
447 419
309 271
309 254
452 50
365 310
326 58
324 270
322 19
384 205
347 183
213 54
386 287
277 31
412 189
425 369
368 113
434 47
168 29
106 44
8 7
267 67
260 110
458 170
364 67
209 100
358 143
210 154
361 259
228 85
123 77
410 131
39 14
367 353
448 427
461 45
357 221
477 26
145 109
272 95
442 190
185 154
486 415
429 65
498 161
276 228
118 114
477 276
417 27
298 122
417 268
218 24
323 196
358 117
336 194
370 112
456 189
446 26
346 251
414 308
186 72
210 167
390 154
408 340
52 43
392 313
351 227
417 149
460 347
267 25
129 115
74 62
323 254
233 21
483 310
291 172
473 213
404 151
489 433
288 218
325 293
343 139
447 394
415 116
474 391
295 5
315 10
354 15
310 97
420 369
437 193
261 184
484 92
461 72
400 371
402 333
154 84
343 10
284 47
394 135
460 2
481 266
492 419
279 94
431 239
165 63
63 49
418 356
482 56
194 119
460 14
447 367
417 159
463 138
324 187
490 293
196 177
492 86
358 135
356 208
485 202
313 280
23 15
345 258
407 331
165 159
191 108
381 273
356 297
347 322
424 221
362 242
355 120
368 339
437 312
224 194
455 51
370 295
491 420
195 25
130 49
477 279
232 109
430 349
482 432
75 74
115 29
446 419
207 141
425 35
85 42
411 341
491 316
485 468
239 163
110 8
456 448
485 379
352 325
120 73
338 302
254 100
420 315
178 79
234 213
135 106
478 6
473 85
315 165
283 79
113 13
181 158
479 473
424 174
321 315
446 362
245 34
270 130
164 131
361 287
370 64
489 241
78 53
125 11
260 155
192 148
294 243
324 318
479 318
349 289
396 81
498 425
230 88
389 201
476 98
220 167
372 69
295 216
312 210
184 79
492 35
411 148
302 274
479 56
491 31
482 89
419 219
333 298
490 46
337 149
442 400
320 238
369 38
247 92
315 309
340 185
263 129
204 196
370 265
222 70
358 226
486 286
381 275
416 100
498 396
448 183
270 161
325 40
348 279
361 260
489 324
174 7
403 128
457 102
272 26
472 179
470 228
301 297
490 238
199 105
283 6
241 166
455 70
488 320
372 303
475 433
466 177
141 37
450 19
225 151
145 8
419 22
414 241
262 201
483 96
402 157
256 169
116 18
150 61
233 90
480 113
429 105
387 213
259 87
288 64
325 265
314 5
250 200
289 65
426 46
464 181
256 168
406 286
300 118
57 30
387 296
456 119
458 449
378 21
495 309
431 302
246 90
355 197
409 300
309 152
366 344
249 132
348 177
355 85
383 111
208 6
300 175
419 114
406 396
89 74
16 12
445 280
429 126
496 68
398 79
490 176
412 16
421 341
427 264
477 297
452 232
451 363
396 199
340 196
414 319
461 47
468 7
404 221
41 32
208 200
320 210
261 120
495 189
499 266
450 63
278 241
384 335
309 128
42 31
289 16
243 141
425 60
292 120
477 111
422 310
435 398
118 67
468 259
75 32
225 181
329 200
434 248
454 16
75 60
162 20
445 37
142 81
447 418
478 237
402 326
277 35
273 73
474 49
478 471
387 47
309 17
265 196
398 228
360 311
429 111
395 393
349 178
185 106
298 55
388 268
334 293
255 40
442 344
153 5
359 330
53 26
71 54
377 134
339 46
500 206
450 181
406 206
310 5
315 51
271 258
400 325
250 27
438 218
441 270
286 61
367 164
478 424
437 375
446 65
437 29
421 145
39 22
446 91
401 265
50 36
248 189
453 57
472 225
99 86
367 133
116 59
408 315
492 193
338 210
271 261
462 425
304 92
345 245
486 471
461 8
300 13
398 318
129 72
426 422
318 254
326 230
148 116
43 28
480 401
319 287
420 253
443 193
380 107
452 249
212 58
366 204
460 447
472 471
243 70
128 84
169 161
483 232
318 195
255 63
402 108
444 226
446 62
192 184
210 26
335 137
370 138
372 179
498 299
478 191
484 290
84 68
493 273
355 261
496 14
483 469
485 114
372 322
307 248
390 384
499 1
326 15
199 172
441 377
233 91
405 267
214 20
194 169
454 234
464 245
446 417
88 73
337 172
438 226
231 72
332 142
348 139
418 403
353 325
255 6
330 198
410 27
321 190
134 117
266 59
482 336
361 284
493 130
456 72
446 108
401 342
415 300
287 226
399 136
376 121
98 68
457 395
438 90
463 134
365 106
492 420
322 89
216 212
498 474
76 26
251 43
368 128
460 110
289 264
328 101
261 154
473 254
197 11
318 170
404 333
218 152
269 122
381 307
218 83
408 244
452 324
407 90
19 15
422 300
297 181
430 372
312 301
357 303
266 139
215 197
483 44
296 83
493 329
482 256
211 20
176 63
362 283
395 361
398 145
45 2
270 59
329 187
455 95
325 131
314 55
444 333
349 41
483 452
274 131
266 113
491 359
374 137
355 3
335 15
364 327
130 110
226 199
357 227
486 217
327 13
413 84
403 184
407 134
445 375
490 241
427 332
489 183
403 164
209 121
229 162
236 6
477 329
395 68
193 169
378 1
459 336
437 57
231 84
499 362
377 354
400 106
376 270
383 381
201 199
254 22
343 265
341 249
274 160
221 201
214 115
227 18
129 66
266 208
265 3
425 231
413 369
259 61
119 92
259 218
493 31
75 64
302 272
326 2
422 348
231 155
221 102
134 58
178 30
354 328
338 34
293 68
413 28
373 126
495 164
171 89
123 72
413 281
453 4
264 113
191 14
331 143
472 365
397 75
218 101
224 146
384 17
373 232
479 21
345 191
424 129
266 179
99 80
223 109
418 274
267 56
286 246
367 150
196 72
157 47
434 241
398 164
131 89
263 52
240 192
428 388
284 50
60 19
368 345
231 20
294 223
448 126
349 153
441 86
198 86
86 13
470 254
345 131
310 70
96 91
102 98
265 42
431 61
418 38
426 77
466 455
467 289
327 139
394 176
485 250
127 59
146 122
360 98
335 321
340 289
467 354
63 10
227 187
429 385
122 67
467 212
166 7
359 284
277 126
458 97
368 316
186 101
422 257
134 76
437 61
399 222
386 210
319 302
277 172
349 321
331 2
311 229
251 173
214 126
130 47
423 218
360 237
331 92
453 231
274 53
478 254
469 394
410 49
372 147
367 167
393 361
329 45
255 145
238 160
229 24
341 183
291 78
206 88
348 124
464 48
307 138
224 99
128 3
121 99
352 238
315 108
483 317
361 45
495 168
353 135
466 120
463 227
110 108
183 161
94 50
124 100
498 347
467 206
461 75
440 424
325 270
286 195
318 187
463 398
197 78
394 152
53 45
136 44
229 174
329 184
318 306
400 50
336 320
479 400
280 131
425 242
224 93
282 42
419 65
163 135
427 77
387 80
333 92
448 135
460 177
260 247
126 74
464 444
234 206
288 226
479 453
415 123
16 4
374 287
490 147
114 74
365 271
275 48
366 319
207 2
399 32
406 44
344 53
383 273
357 40
397 105
455 97
307 160
461 158
331 296
313 43
459 151
314 1
341 20
248 234
385 54
375 20
160 26
331 56
229 23
431 315
465 6
190 17
123 48
470 65
156 54
357 97
434 10
346 299
368 298
433 225
301 292
316 181
407 91
444 79
100 49
267 41
472 438
141 122
290 103
442 115
422 5
247 223
442 303
342 57
394 161
211 135
184 102
224 123
112 3
396 298
406 386
421 240
315 227
264 101
468 113
412 21
225 139
278 75
224 38
209 126
480 289
473 107
157 66
401 161
464 258
87 65
180 47
496 247
440 20
386 384
453 262
212 40
115 102
473 280
102 15
453 394
445 40
201 139
392 147
351 304
290 101
190 30
470 305
318 140
451 314
447 283
403 206
205 147
461 12
256 127
306 167
434 73
319 11
194 93
446 441
156 31
267 86
360 214
320 28
421 237
127 112
454 42
276 11
450 441
443 11
303 207
454 194
190 28
194 99
229 171
390 185
172 123
455 435
50 37
489 469
342 108
142 26
483 60
441 39
326 229
365 185
248 154
166 33
307 163
263 57
263 25
448 104
425 34
279 260
307 166
481 123
451 350
417 334
489 465
488 343
471 148
157 31
54 22
413 53
405 137
254 182
477 109
425 276
310 218
180 78
435 56
382 355
413 254
356 332
383 322
217 55
112 7
243 40
133 102
260 147
95 72
177 36
424 88
374 153
494 326
280 226
493 94
498 88
336 26
489 468
207 128
427 156
218 43
79 55
211 178
173 75
288 151
499 289
399 199
420 98
284 102
474 67
233 41
342 147
497 71
474 365
393 4
417 335
238 122
304 216
423 172
399 239
442 292
128 127
474 318
281 9
99 33
237 129
79 74
210 19
163 130
436 354
414 121
495 347
442 95
215 87
495 383
462 385
175 154
487 377
452 2
295 146
241 17
293 32
403 130
333 315
406 383
330 245
410 95
244 80
169 28
410 286
470 375
489 297
91 15
373 271
494 99
260 194
309 245
388 6
307 18
267 113
428 139
286 185
394 91
108 73
85 11
423 14
265 63
494 366
301 300
453 207
307 204
232 60
342 127
121 65
176 125
177 96
316 22
293 210
415 55
145 66
124 1
495 56
462 308
371 166
452 384
198 109
266 207
50 43
292 150
177 129
348 305
482 147
446 349
425 198
338 9
479 322
400 189
167 6
481 86
304 259
279 261
402 350
250 237
122 91
152 85
206 85
497 227
489 238
383 72
181 138
486 59
405 85
492 463
440 428
452 400
255 1
303 205
253 159
482 98
225 97
445 38
443 318
291 32
221 216
420 170
460 421
420 197
399 14
315 66
499 221
256 134
316 288
401 338
450 75
298 190
417 228
450 196
415 134
445 57
462 201
448 314
304 62
80 7
202 173
473 221
41 17
406 23
81 54
119 67
382 327
139 39
285 84
403 205
390 222
396 156
105 75
442 258
271 9
163 154
401 64
250 228
498 424
301 232
393 74
292 149
404 277
231 82
208 65
337 316
339 72
430 185
474 46
324 211
429 421
412 317
353 138
314 246
185 97
430 173
423 388
394 374
163 145
187 89
391 256
305 147
181 142
100 17
314 75
99 8
448 192
451 75
384 306
155 136
268 146
243 78
453 390
413 87
305 297
499 64
246 35
193 6
254 57
246 170
399 143
385 356
426 151
378 187
337 241
439 331
168 146
295 86
77 48
398 24
338 134
491 120
407 52
372 232
425 249
122 116
127 61
252 107
218 178
412 395
437 71
383 88
326 260
349 106
461 447
359 158
200 168
497 43
465 417
494 6
459 195
459 292
354 76
377 327
274 221
342 263
391 289
481 383
450 103
449 326
152 131
284 268
478 313
313 20
245 141
258 231
362 134
380 48
255 39
397 314
441 177
383 178
333 201
385 378
43 1
60 49
312 29
365 127
282 192
396 378
154 91
408 164
324 323
393 228
182 181
75 52
336 30
347 59
148 129
295 127
364 63
396 193
352 209
397 116
153 2
123 33
395 130
199 67
474 342
307 185
207 146
496 159
424 145
435 389
378 156
474 394
243 225
228 190
391 374
243 80
189 23
496 399
120 82
347 140
487 362
183 24
474 280
207 116
481 136
356 109
334 63
325 55
274 18
486 53
404 218
158 152
489 301
137 95
183 101
186 177
234 51
422 280
356 168
444 104
244 238
205 72
500 88
234 218
155 96
169 86
270 16
463 450
415 272
351 282
241 20
486 148
412 368
370 263
32 5
245 178
486 122
463 434
435 132
371 327
464 96
330 143
224 23
492 384
354 103
323 204
489 136
470 396
380 318
392 209
354 308
84 46
155 49
42 41
462 309
422 397
266 245
468 380
380 26
201 24
408 281
255 237
413 227
474 43
495 246
379 3
321 74
186 172
230 40
396 224
456 169
452 291
193 20
478 83
455 274
134 132
449 330
443 328
486 278
320 48
79 65
386 98
483 460
471 134
71 57
460 307
412 301
406 140
210 93
432 92
404 7
360 158
495 197
268 158
340 169
414 382
473 455
422 81
356 273
356 145
404 127
199 71
386 320
454 142
265 50
439 101
206 202
432 158
424 103
386 38
405 269
495 7
472 157
339 148
217 132
266 110
125 7
404 122
325 233
398 111
268 55
373 262
399 354
403 161
135 127
442 205
420 172
493 246
378 325
485 53
488 167
415 343
362 263
373 202
398 250
229 84
328 290
400 385
431 213
400 313
366 273
418 391
448 186
271 227
428 178
84 43
363 136
338 62
439 108
375 277
393 319
456 328
486 279
323 41
285 13
387 249
111 12
250 139
305 173
499 441
451 342
468 210
214 172
488 149
227 1
55 37
118 49
448 65
476 60
312 241
484 330
432 420
355 179
496 348
203 165
306 166
480 225
154 23
436 208
334 303
292 212
242 144
470 247
197 112
449 438
407 12
482 227
484 431
113 21
338 61
475 366
67 28
437 368
277 43
342 287
342 232
357 134
252 130
428 285
383 176
364 123
391 31
284 140
218 150
419 112
367 35
243 230
442 257
438 436
397 181
430 34
496 341
150 35
344 342
89 56
433 429
216 181
494 218
468 199
450 50
220 22
438 390
415 79
201 190
161 151
330 74
252 245
379 264
255 80
284 259
427 166
310 200
214 51
261 152
228 146
427 13
249 61
401 127
459 235
281 25
242 85
438 92
128 47
238 1
354 104
468 407
409 113
423 212
438 41
335 1
165 18
235 98
310 42
148 30
325 10
422 154
473 255
362 149
457 43
35 8
179 172
116 99
381 89
276 83
351 254
269 35
500 271
451 336
386 297
305 235
277 17
162 148
358 283
500 91
445 229
279 129
447 66
281 81
298 22
465 34
432 38
407 38
97 58
356 213
383 375
336 69
62 45
418 98
278 2
181 39
449 345
237 8
476 202
249 238
449 404
440 76
261 107
424 229
495 217
381 356
196 99
495 62
409 331
485 337
412 236
377 325
256 62
287 220
417 382
188 50
422 236
349 189
383 195
337 309
209 80
348 71
482 28
481 426
490 66
222 220
469 425
438 295
396 361
454 306
462 54
269 12
352 224
450 316
328 37
484 429
441 69
391 230
385 141
327 112
414 310
427 187
128 86
434 326
415 168
368 261
256 143
349 260
497 141
383 304
311 141
410 290
488 10
391 49
446 384
339 337
497 65
441 430
233 2
410 373
491 458
296 159
451 171
460 326
373 69
259 119
198 149
447 124
454 400
340 1
240 183
66 12
460 25
377 253
411 83
489 382
459 388
341 90
324 260
116 60
346 239
355 303
446 114
242 30
126 116
334 35
415 150
283 113
96 27
357 343
307 37
280 225
432 164
423 306
386 200
357 328
383 228
467 101
212 162
400 75
455 306
258 179
425 101
95 57
441 199
222 203
461 248
433 368
464 66
329 208
473 113
377 62
288 139
477 24
423 259
344 33
403 102
481 161
342 111
419 279
186 157
199 46
363 125
70 28
342 121
469 273
300 23
371 343
388 198
389 21
323 20
444 284
493 162
223 102
418 72
82 16
424 362
486 44
452 102
346 282
347 214
409 211
113 80
461 104
319 42
187 128
248 45
409 205
151 99
139 65
440 32
119 18
322 78
276 158
53 14
279 11
95 66
483 357
324 132
283 232
288 94
429 18
180 1
498 47
461 229
433 351
496 153
280 40
21 13
270 259
416 154
106 29
158 39
396 262
349 122
466 72
282 86
325 182
281 214
498 3
185 107
53 18
314 271
230 71
82 28
362 117
297 16
429 205
441 214
323 251
453 392
206 17
490 163
449 129
498 164
407 396
401 4
289 1
467 33
385 13
451 357
244 139
487 452
392 100
388 281
366 293
478 302
439 252
279 54
117 106
205 33
191 151
237 205
167 152
428 62
213 139
465 136
457 161
141 65
481 290
401 393
422 117
456 96
441 295
358 285
322 254
457 154
474 410
287 198
322 104
431 162
336 120
499 429
252 95
121 64
383 129
481 432
495 373
258 92
333 303
378 165
486 437
373 366
239 83
182 177
470 462
358 334
274 21
414 214
381 221
500 89
162 137
363 64
360 49
461 149
500 217
181 126
396 53
246 93
461 43
391 151
217 117
393 53
407 362
346 246
382 150
438 253
183 96
467 23
403 80
408 327
357 287
248 26
99 11
414 330
490 32
297 224
266 64
436 269
365 5
443 203
496 463
415 340
500 222
404 298
417 207
369 41
204 33
373 152
374 94
349 247
430 15
379 350
427 302
406 213
288 27
273 34
179 82
448 119
362 211
350 211
398 118
484 126
104 20
351 177
468 254
304 8
407 265
456 358
324 226
345 252
295 24
117 54
260 88
442 121
369 111
496 66
410 388
373 51
358 328
287 86
131 15
496 2
403 201
468 155
234 212
474 267
287 261
217 64
460 124
184 62
329 238
281 241
97 61
467 306
336 300
362 68
177 107
471 147
123 15
286 29
200 184
424 157
500 56
455 183
472 345
460 452
293 70
440 53
496 480
99 98
414 171
388 387
497 326
449 393
342 269
446 146
332 300
147 10
396 275
361 6
443 291
490 437
94 66
361 350
437 9
96 68
246 20
497 465
218 60
416 7
341 178
380 262
454 59
301 115
496 484
243 29
321 274
471 278
15 8
270 78
424 398
400 133
227 173
153 70
277 230
430 64
497 266
477 345
416 334
243 111
172 4
484 203
107 105
213 208
392 201
170 2
219 204
372 306
430 403
276 57
240 62
302 48
353 120
379 286
288 249
380 309
360 186
407 203
472 249
100 39
334 233
296 16
167 127
59 25
318 267
308 122
176 115
483 139
396 180
342 1
305 172
153 138
395 120
486 76
480 140
144 47
490 398
468 343
406 219
442 74
458 380
179 69
223 145
383 366
430 281
369 302
319 315
277 83
279 78
384 260
306 94
297 108
113 95
423 8
469 367
402 112
304 270
215 149
494 188
473 192
358 306
366 140
263 59
445 176
234 52
487 172
348 18
386 336
326 277
372 307
183 89
275 261
285 131
281 256
330 273
186 59
425 229
334 140
457 24
431 304
440 201
365 10
488 379
313 104
182 6
463 259
236 122
338 205
359 239
301 235
246 159
348 175
496 312
345 143
240 151
122 26
473 153
477 280
101 94
381 204
448 388
422 302
397 24
291 105
199 174
223 57
401 237
366 295
427 75
349 68
174 162
454 35
471 240
143 94
330 292
434 2
332 240
437 97
184 169
465 169
207 202
496 285
486 481
237 15
446 113
270 256
142 96
397 239
482 13
397 303
140 23
297 26
449 58
431 325
493 180
157 144
310 11
481 135
363 285
307 260
379 198
292 18
297 104
185 130
227 78
137 25
466 149
381 119
160 81
370 23
426 160
204 58
69 24
323 116
383 103
326 189
410 376
407 122
313 281
468 297
377 214
215 162
494 101
452 54
382 141
182 81
426 206
349 278
327 17
247 210
446 256
258 135
338 25
315 229
376 372
477 397
483 400
412 355
218 63
452 237
195 77
447 17
165 34
196 67
356 7
260 59
420 4
367 256
155 134
497 36
415 80
434 80
238 20
210 1
279 105
264 82
354 245
432 218
171 85
166 9
437 196
413 335
211 140
292 73
494 339
183 33
405 169
395 390
328 209
431 222
411 195
131 105
392 337
335 158
380 355
80 3
496 205
442 350
491 186
303 271
431 303
356 13
463 45
352 236
164 154
421 84
119 65
472 138
392 245
445 56
265 24
101 5
298 184
447 63
287 224
401 279
455 223
177 128
456 418
459 86
455 12
83 21
119 51
455 312
495 292
398 82
266 19
187 167
453 326
384 381
461 89
380 136
488 173
495 133
332 133
264 68
213 156
367 309
436 65
242 26
107 41
292 4
286 233
103 10
469 204
403 198
385 336
194 191
360 278
315 94
156 94
374 258
360 45
245 166
360 127
225 135
476 172
247 55
242 241
487 448
416 194
356 219
378 241
499 375
350 69
186 114
387 235
480 232
253 123
445 90
170 4
384 156
274 225
276 119
116 15
464 282
449 432
143 92
367 159
342 160
315 31
144 129
429 311
322 287
180 79
384 169
101 17
349 343
493 53
405 319
321 245
366 56
364 216
476 339
175 54
363 267
143 9
473 242
494 356
98 76
355 324
314 138
412 167
186 116
181 100
482 195
302 102
483 116
468 86
485 480
369 182
440 39
184 80
140 86
394 80
436 244
148 56
492 133
494 81
261 66
402 8
416 153
474 37
401 81
271 225
354 59
335 48
381 170
243 44
175 81
235 48
280 43
291 195
229 76
310 220
474 258
391 354
196 117
340 74
380 363
482 8
456 237
393 292
279 32
208 176
441 160
386 182
222 117
378 248
274 161
244 90
263 237
389 99
186 134
181 125
401 98
345 318
68 16
454 128
76 32
268 34
451 326
327 128
394 38
402 164
249 204
385 191
233 197
272 53
283 240
357 127
49 22
280 171
414 275
394 344
52 39
465 29
226 52
82 15
172 102
343 109
460 354
420 200
322 151
332 236
287 251
251 151
373 1
480 153
234 115
295 89
232 175
331 114
314 161
380 200
405 294
210 45
354 44
253 198
490 280
417 36
485 472
291 270
283 93
67 5
397 11
452 303
409 173
194 120
168 123
251 161
358 87
119 85
453 64
261 1
323 181
192 155
496 478
313 218
393 1
455 111
391 59
314 201
457 448
310 55
394 190
418 298
146 18
388 343
489 446
393 96
386 178
459 295
448 205
231 161
462 230
218 197
421 415
480 315
152 148
183 75
96 85
368 297
165 110
224 36
443 363
371 274
438 421
500 322
118 1
352 152
388 319
398 51
392 156
422 164
393 106
398 376
82 30
274 200
429 176
415 36
471 131
222 63
183 39
407 404
178 9
225 170
373 138
396 27
416 388
223 125
330 206
355 285
433 80
149 3
308 165
270 151
80 66
146 120
248 104
238 78
140 26
475 140
465 35
432 377
464 252
494 241
463 358
195 97
313 224
253 16
315 150
406 245
480 361
426 74
253 241
59 40
199 90
322 289
394 329
387 189
387 295
249 179
439 368
192 163
158 98
439 223
350 199
481 148
481 299
474 51
468 365
267 182
425 219
107 55
93 16
486 287
375 261
488 186
436 227
151 130
290 180
310 275
400 222
427 359
494 485
272 183
403 392
431 259
284 42
397 158
382 212
430 218
445 116
279 6
480 395
319 125
385 353
414 161
162 140
182 8
468 19
479 154
411 200
498 486
421 111
284 211
478 271
492 217
345 176
263 143
289 166
447 148
221 88
470 423
396 232
422 103
331 187
250 209
353 198
499 387
407 48
427 126
218 62
357 142
486 398
196 13
282 47
325 92
499 243
386 304
412 397
475 216
404 191
212 20
382 215
365 142
410 201
444 124
234 180
490 14
348 208
403 365
493 440
461 330
204 47
276 144
231 95
416 197
484 143
364 76
366 179
274 126
475 226
51 22
277 104
427 301
205 71
231 216
440 108
164 104
339 32
243 210
394 151
363 146
325 304
355 144
428 419
188 96
443 267
99 21
446 302
473 132
420 131
399 94
456 214
167 155
486 36
430 138
430 21
301 22
349 210
304 19
272 227
449 64
423 395
463 271
369 125
462 250
108 101
330 253
463 58
404 295
269 49
100 45
311 273
435 408
79 72
74 17
448 29
251 239
457 253
335 300
318 193
492 436
362 251
411 19
255 144
429 102
298 37
305 224
418 127
153 45
282 33
450 46
256 55
300 128
470 263
243 33
361 295
60 21
42 9
180 67
335 3
357 62
386 216
418 142
309 42
369 210
310 51
496 53
273 256
385 186
219 74
453 117
456 256
442 150
270 136
374 305
456 28
442 367
400 159
364 339
476 418
165 124
440 176
318 302
484 62
391 197
194 167
468 56
200 56
253 217
495 338
354 56
247 199
364 265
245 154
393 131
146 61
379 205
471 2
345 69
485 80
480 200
355 311
294 153
425 378
385 225
195 125
374 263
475 79
425 316
386 146
374 207
323 75
296 285
471 157
146 66
52 3
312 229
446 139
321 204
389 309
493 59
272 252
386 48
470 416
490 51
266 95
289 30
354 263
455 98
457 363
48 23
180 19
391 88
471 45
472 160
379 202
342 266
353 65
454 426
483 34
165 59
119 63
483 346
218 207
129 58
261 250
223 42
437 114
340 170
185 84
178 34
468 167
256 82
490 255
120 17
289 73
112 97
494 255
268 57
366 12
397 114
170 109
462 292
414 385
306 110
359 143
475 78
383 364
395 63
69 36
472 279
157 138
330 201
184 17
214 109
425 169
384 247
374 233
411 164
251 5
332 126
202 126
395 189
450 31
68 6
436 40
476 92
332 233
496 323
363 120
378 38
97 87
462 446
496 402
440 234
290 134
175 147
280 181
410 250
413 42
388 301
216 80
188 76
479 22
334 190
138 81
496 331
285 56
339 334
411 223
488 23
327 96
418 412
208 134
370 17
347 8
191 73
475 275
416 385
420 57
468 448
399 320
212 78
311 114
427 155
370 130
346 203
381 207
93 84
486 416
471 180
189 108
304 68
407 26
175 96
297 193
224 187
328 288
446 47
262 54
465 89
395 20
181 160
212 88
307 54
138 101
365 22
323 200
265 195
257 232
254 120
466 312
225 46
417 182
496 466
185 32
254 15
460 264
405 123
225 180
313 248
478 97
500 176
426 293
482 176
478 99
273 227
487 153
427 338
342 168
349 21
296 249
392 85
364 49
455 446
497 303
35 16
302 218
266 48
426 414
497 473
316 209
485 52
304 210
499 292
478 265
407 208
410 405
251 166
489 475
253 229
286 57
324 185
448 145
248 230
153 77
376 167
433 156
396 374
266 100
87 69
148 55
156 91
136 111
395 148
447 84
252 37
337 268
499 248
174 42
83 58
197 87
401 367
371 57
164 101
412 316
188 12
207 78
461 311
391 260
237 56
441 374
446 373
402 276
429 103
372 259
98 71
336 77
178 156
406 55
280 229
236 211
342 163
263 159
495 271
481 448
235 207
462 165
176 20
464 304
235 52
445 175
297 110
281 121
270 84
57 42
410 363
260 54
452 386
261 243
416 286
273 143
464 376
213 65
391 236
322 253
333 69
221 121
351 181
309 265
411 197
364 19
112 35
396 335
462 182
292 183
152 139
201 77
256 109
185 175
187 161
248 197
212 160
467 341
64 21
344 156
370 118
266 2
405 12
236 229
293 142
247 179
500 195
396 235
191 105
481 206
86 24
495 465
312 165
444 240
459 201
377 297
420 392
335 89
258 174
426 62
247 169
409 8
366 301
197 111
204 71
105 64
304 36
101 49
141 117
427 72
499 342
433 23
411 119
384 297
454 224
117 18
340 110
346 1
488 243
479 29
196 41
172 78
190 109
447 278
214 111
365 267
390 83
299 166
398 146
307 145
440 296
454 179
465 323
309 270
381 226
323 104
384 216
377 223
453 450
224 40
90 50
471 193
157 135
222 209
203 180
463 386
250 231
359 144
285 241
208 136
326 274
224 184
419 144
221 206
373 289
445 170
421 369
474 301
415 249
282 12
435 183
468 273
185 151
224 72
306 81
481 452
487 458
467 274
494 409
229 125
389 2
166 148
357 253
385 228
324 167
142 110
471 418
430 134
325 290
346 19
326 254
406 232
392 389
246 242
292 249
432 124
413 181
482 233
315 52
408 318
419 217
438 59
222 47
412 124
391 239
442 140
239 191
255 66
290 185
209 152
307 155
291 20
175 72
426 342
499 455
235 111
389 50
400 57
334 59
400 227
121 108
292 164
307 92
363 90
178 52
207 164
219 23
390 228
482 65
464 91
324 127
464 104
447 276
97 31
86 17
285 72
118 108
269 158
216 14
339 170
477 38
480 52
364 60
303 282
172 156
242 115
429 379
126 104
497 481
284 225
315 173
192 187
184 15
149 1
219 45
191 150
128 104
215 103
414 74
432 333
176 167
255 179
470 411
217 207
412 403
195 88
379 320
368 247
208 158
419 273
445 177
132 128
491 75
342 222
500 265
264 223
349 3
381 222
474 32
413 328
370 218
380 33
90 20
476 147
490 458
486 90
426 392
331 274
495 386
423 165
328 183
333 39
362 153
357 46
315 202
416 218
309 116
261 202
382 204
359 77
316 264
455 301
400 115
262 162
403 7
279 66
102 96
238 182
326 316
485 365
381 49
281 185
343 310
463 410
97 39
123 69
471 314
446 199
271 192
423 241
408 248
270 209
314 149
221 40
370 66
426 37
236 65
443 402
399 35
495 30
423 358
281 252
240 137
348 273
489 23
158 58
483 170
308 101
415 400
457 419
364 75
366 28
389 213
244 154
427 270
182 47
74 64
152 26
129 27
393 47
459 365
324 123
339 256
188 26
28 2
484 198
201 21
439 302
471 433
88 33
337 104
429 231
389 235
250 201
351 16
486 115
486 352
301 266
272 84
343 33
410 212
148 6
454 57
176 103
483 368
405 179
207 90
135 87
428 348
427 356
380 253
441 313
363 206
398 32
116 41
412 315
460 310
231 31
470 276
413 270
407 278
379 92
427 108
421 379
423 136
320 220
460 72
450 360
39 33
417 249
333 217
393 282
313 257
492 305
219 199
435 288
438 140
358 204
174 135
374 41
350 279
336 23
487 51
199 143
436 167
300 279
108 89
325 219
460 41
467 25
330 293
331 216
390 149
328 168
356 249
142 59
486 58
380 22
316 69
106 95
420 244
197 49
375 74
361 320
416 35
194 139
479 395
352 111
303 255
191 129
419 214
328 305
487 80
306 199
212 198
227 8
344 2
381 242
364 242
490 230
303 62
235 104
441 81
445 360
324 40
500 201
463 10
130 95
290 266
465 354
325 139
394 14
252 41
318 182
448 59
370 348
423 237
326 211
396 244
249 102
456 327
476 274
390 110
428 386
222 34
455 377
424 295
450 283
452 87
169 115
252 70
278 123
209 167
499 159
394 37
123 10
480 1
286 156
494 29
325 317
335 132
443 120
366 250
367 3
425 411
498 359
457 53
467 29
315 106
200 21
377 349
141 119
486 145
493 44
171 77
227 28
294 197
400 239
122 54
453 81
382 246
440 118
406 53
57 6
424 97
148 8
218 160
491 192
348 121
244 33
393 172
373 139
457 289
405 45
489 368
488 342
468 325
429 422
500 18
158 47
439 275
456 124
417 161
452 304
488 360
465 159
333 250
355 81
481 415
363 323
484 74
498 86
126 18
464 215
484 27
201 188
482 475
466 157
489 133
162 128
93 1
464 420
363 135
321 240
303 178
434 239
464 449
219 75
139 27
489 212
162 130
476 61
462 354
365 30
314 86
287 33
206 140
119 83
353 132
265 123
253 102
457 344
112 69
81 75
311 106
214 119
352 159
402 393
324 312
300 90
411 252
106 68
467 189
494 332
466 271
471 358
368 56
343 85
207 13
463 400
244 79
430 107
45 37
496 457
60 37
373 30
139 20
325 91
440 406
489 404
319 234
371 307
495 325
441 286
385 232
418 376
328 286
362 345
247 151
413 172
243 120
253 188
243 176
384 120
360 97
487 254
314 185
417 32
416 341
195 71
438 38
224 177
391 2
274 265
341 61
432 393
395 334
338 100
444 259
242 214
466 456
133 30
156 9
464 401
169 31
375 231
476 85
399 192
342 178
132 26
109 59
438 298
421 123
390 351
252 207
362 15
488 335
299 153
449 56
310 81
397 379
48 40
488 256
369 193
476 114
422 239
182 22
375 41
239 212
209 8
495 182
449 305
415 163
22 17
444 230
410 315
431 87
318 95
434 393
122 62
314 123
321 162
475 155
219 12
464 175
145 135
486 172
271 105
230 166
205 34
455 167
53 32
400 179
433 271
207 121
273 10
200 99
348 32
396 336
495 166
328 238
195 7
223 190
162 49
478 60
393 164
146 59
375 347
295 150
445 433
244 83
453 28
449 79
276 221
241 224
88 64
133 99
278 265
279 273
333 261
348 185
404 163
472 435
238 63
396 11
186 28
420 278
158 1
332 262
446 222
444 92
385 120
386 141
358 124
425 144
380 161
473 368
368 231
136 110
294 255
436 18
288 134
375 77
436 270
216 61
272 37
273 178
238 112
186 49
74 13
221 118
459 46
413 32
485 307
228 185
457 291
360 177
109 80
393 239
478 52
353 179
384 203
236 150
117 30
128 122
407 63
460 316
257 211
373 242
323 162
329 101
107 97
432 97
450 384
218 67
469 453
143 57
473 112
121 47
72 38
480 192
476 123
480 117
447 326
402 384
454 125
249 44
360 14
264 71
310 284
390 209
474 13
348 171
470 402
494 280
457 51
467 408
355 248
418 348
184 155
415 221
478 38
299 110
316 108
263 187
373 178
144 86
391 95
464 254
472 407
169 146
485 461
93 79
267 72
445 182
294 168
220 201
401 285
